1.968322753906250000e+00
1.984191894531250000e+00
1.984191894531250000e+00
2.053710937500000000e+00
1.892944335937500000e+00
1.801574707031250000e+00
1.703552246093750000e+00
1.627563476562500000e+00
1.488586425781250000e+00
1.510131835937500000e+00
1.638610839843750000e+00
1.577087402343750000e+00
1.263549804687500000e+00
1.261779785156250000e+00
1.179992675781250000e+00
9.888305664062500000e-01
8.556518554687500000e-01
1.008117675781250000e+00
1.294982910156250000e+00
1.385070800781250000e+00
1.423950195312500000e+00
1.460754394531250000e+00
1.503662109375000000e+00
1.557617187500000000e+00
1.546813964843750000e+00
1.570068359375000000e+00
1.560729980468750000e+00
1.536437988281250000e+00
1.505371093750000000e+00
1.494384765625000000e+00
1.578186035156250000e+00
1.538574218750000000e+00
1.491577148437500000e+00
1.465698242187500000e+00
1.457580566406250000e+00
1.484497070312500000e+00
1.463317871093750000e+00
1.514099121093750000e+00
1.239929199218750000e+00
1.128356933593750000e+00
1.045288085937500000e+00
1.150939941406250000e+00
1.196472167968750000e+00
1.131042480468750000e+00
1.167602539062500000e+00
1.165466308593750000e+00
1.145812988281250000e+00
1.301147460937500000e+00
1.262268066406250000e+00
1.273010253906250000e+00
1.365966796875000000e+00
1.259155273437500000e+00
1.124084472656250000e+00
1.233398437500000000e+00
1.223815917968750000e+00
1.266845703125000000e+00
1.260253906250000000e+00
1.479797363281250000e+00
1.427856445312500000e+00
1.350524902343750000e+00
1.160095214843750000e+00
1.161499023437500000e+00
1.202270507812500000e+00
1.312194824218750000e+00
1.204406738281250000e+00
1.238464355468750000e+00
1.295166015625000000e+00
1.394470214843750000e+00
1.425598144531250000e+00
1.336669921875000000e+00
1.361816406250000000e+00
1.320007324218750000e+00
1.347778320312500000e+00
1.298828125000000000e+00
1.267639160156250000e+00
1.268432617187500000e+00
1.133056640625000000e+00
1.096984863281250000e+00
1.072387695312500000e+00
1.050048828125000000e+00
1.070922851562500000e+00
1.184875488281250000e+00
1.175170898437500000e+00
1.189758300781250000e+00
1.426635742187500000e+00
1.557250976562500000e+00
1.531921386718750000e+00
1.350158691406250000e+00
1.175598144531250000e+00
1.220153808593750000e+00
1.056701660156250000e+00
1.108154296875000000e+00
1.171142578125000000e+00
1.220581054687500000e+00
1.256103515625000000e+00
1.231811523437500000e+00
1.474487304687500000e+00
1.469726562500000000e+00
1.440124511718750000e+00
1.434326171875000000e+00
1.409790039062500000e+00
1.377868652343750000e+00
1.274047851562500000e+00
1.264099121093750000e+00
1.300231933593750000e+00
1.178039550781250000e+00
1.082397460937500000e+00
1.157531738281250000e+00
1.174682617187500000e+00
1.174499511718750000e+00
1.176513671875000000e+00
1.265319824218750000e+00
1.073913574218750000e+00
1.085937500000000000e+00
1.145568847656250000e+00
1.172180175781250000e+00
1.145751953125000000e+00
1.321228027343750000e+00
1.375793457031250000e+00
1.314758300781250000e+00
1.411254882812500000e+00
1.422485351562500000e+00
1.420654296875000000e+00
1.358642578125000000e+00
1.337707519531250000e+00
1.452636718750000000e+00
1.412658691406250000e+00
1.355529785156250000e+00
1.318664550781250000e+00
1.304565429687500000e+00
1.234558105468750000e+00
1.213317871093750000e+00
1.446716308593750000e+00
1.603515625000000000e+00
1.842468261718750000e+00
1.839904785156250000e+00
1.800292968750000000e+00
1.558532714843750000e+00
1.329650878906250000e+00
1.171813964843750000e+00
1.216369628906250000e+00
1.091064453125000000e+00
1.110412597656250000e+00
1.294738769531250000e+00
1.247314453125000000e+00
1.302612304687500000e+00
1.318054199218750000e+00
1.286926269531250000e+00
1.420104980468750000e+00
1.426818847656250000e+00
1.436523437500000000e+00
1.500671386718750000e+00
1.508239746093750000e+00
1.467041015625000000e+00
1.526000976562500000e+00
1.553955078125000000e+00
1.449829101562500000e+00
1.152282714843750000e+00
1.092834472656250000e+00
1.028503417968750000e+00
9.655761718750000000e-01
9.598999023437500000e-01
1.021118164062500000e+00
1.031860351562500000e+00
1.142333984375000000e+00
1.062744140625000000e+00
1.166564941406250000e+00
1.224670410156250000e+00
1.395996093750000000e+00
1.446716308593750000e+00
1.313537597656250000e+00
1.340393066406250000e+00
1.380249023437500000e+00
1.327392578125000000e+00
1.323791503906250000e+00
1.483032226562500000e+00
1.351318359375000000e+00
1.324951171875000000e+00
1.295715332031250000e+00
1.196838378906250000e+00
1.010925292968750000e+00
1.221679687500000000e+00
1.015197753906250000e+00
8.993530273437500000e-01
9.354248046875000000e-01
9.656982421875000000e-01
9.758300781250000000e-01
1.018615722656250000e+00
1.120910644531250000e+00
1.213500976562500000e+00
1.160949707031250000e+00
1.241577148437500000e+00
1.106567382812500000e+00
1.042114257812500000e+00
1.048034667968750000e+00
1.015136718750000000e+00
1.045349121093750000e+00
1.039672851562500000e+00
1.017150878906250000e+00
1.065979003906250000e+00
9.595336914062500000e-01
9.642944335937500000e-01
1.069702148437500000e+00
1.059997558593750000e+00
1.014526367187500000e+00
1.013061523437500000e+00
1.014221191406250000e+00
1.095764160156250000e+00
1.237426757812500000e+00
1.307434082031250000e+00
1.442687988281250000e+00
1.363342285156250000e+00
1.355041503906250000e+00
1.295471191406250000e+00
1.331604003906250000e+00
1.278686523437500000e+00
1.226745605468750000e+00
1.137573242187500000e+00
1.182067871093750000e+00
9.927368164062500000e-01
1.016296386718750000e+00
1.029724121093750000e+00
1.053894042968750000e+00
1.082214355468750000e+00
1.231811523437500000e+00
1.224304199218750000e+00
1.203186035156250000e+00
1.143005371093750000e+00
9.227294921875000000e-01
9.257812500000000000e-01
8.317260742187500000e-01
8.096923828125000000e-01
9.237670898437500000e-01
9.707641601562500000e-01
1.049194335937500000e+00
1.142761230468750000e+00
1.145202636718750000e+00
1.158569335937500000e+00
1.067443847656250000e+00
1.133850097656250000e+00
1.093505859375000000e+00
1.203430175781250000e+00
9.814453125000000000e-01
9.010009765625000000e-01
9.232177734375000000e-01
9.613037109375000000e-01
8.740844726562500000e-01
8.350830078125000000e-01
8.882446289062500000e-01
9.228515625000000000e-01
9.921875000000000000e-01
1.031433105468750000e+00
9.960327148437500000e-01
9.541015625000000000e-01
9.248657226562500000e-01
9.933471679687500000e-01
1.053527832031250000e+00
1.034362792968750000e+00
1.047729492187500000e+00
9.121704101562500000e-01
8.204345703125000000e-01
8.779907226562500000e-01
8.558959960937500000e-01
8.496704101562500000e-01
9.064941406250000000e-01
8.966674804687500000e-01
8.898315429687500000e-01
8.077392578125000000e-01
8.851928710937500000e-01
8.652954101562500000e-01
9.188232421875000000e-01
1.026000976562500000e+00
1.145507812500000000e+00
1.289306640625000000e+00
1.336608886718750000e+00
1.197692871093750000e+00
1.450256347656250000e+00
1.402343750000000000e+00
1.044372558593750000e+00
1.002441406250000000e+00
9.567871093750000000e-01
1.038024902343750000e+00
9.995117187500000000e-01
1.007080078125000000e+00
1.166381835937500000e+00
1.191467285156250000e+00
1.048950195312500000e+00
1.087402343750000000e+00
1.044128417968750000e+00
1.021850585937500000e+00
1.019348144531250000e+00
1.046752929687500000e+00
1.019104003906250000e+00
8.497314453125000000e-01
7.553100585937500000e-01
8.455810546875000000e-01
7.823486328125000000e-01
7.475585937500000000e-01
7.698364257812500000e-01
8.136596679687500000e-01
8.522338867187500000e-01
8.659057617187500000e-01
8.112792968750000000e-01
7.851562500000000000e-01
8.198242187500000000e-01
8.171997070312500000e-01
8.427124023437500000e-01
8.734741210937500000e-01
8.758544921875000000e-01
8.759155273437500000e-01
8.729858398437500000e-01
8.593750000000000000e-01
8.308105468750000000e-01
8.775024414062500000e-01
9.976196289062500000e-01
1.055114746093750000e+00
1.065063476562500000e+00
1.012268066406250000e+00
9.165649414062500000e-01
8.273925781250000000e-01
8.773803710937500000e-01
8.427734375000000000e-01
7.579956054687500000e-01
6.664428710937500000e-01
7.027587890625000000e-01
7.968139648437500000e-01
6.188964843750000000e-01
7.136230468750000000e-01
1.023376464843750000e+00
1.020874023437500000e+00
1.127624511718750000e+00
1.148315429687500000e+00
1.070251464843750000e+00
9.756469726562500000e-01
9.786987304687500000e-01
9.466552734375000000e-01
8.594360351562500000e-01
1.043823242187500000e+00
1.046630859375000000e+00
1.061279296875000000e+00
9.607543945312500000e-01
1.026611328125000000e+00
1.017333984375000000e+00
9.091186523437500000e-01
9.196166992187500000e-01
1.064208984375000000e+00
9.569702148437500000e-01
9.140014648437500000e-01
1.007995605468750000e+00
9.990844726562500000e-01
9.026489257812500000e-01
1.068481445312500000e+00
8.134155273437500000e-01
8.544311523437500000e-01
8.878784179687500000e-01
9.805908203125000000e-01
1.073608398437500000e+00
1.077209472656250000e+00
1.098754882812500000e+00
1.089721679687500000e+00
1.001953125000000000e+00
9.722290039062500000e-01
9.559326171875000000e-01
9.459838867187500000e-01
8.648681640625000000e-01
7.825317382812500000e-01
7.791748046875000000e-01
8.731079101562500000e-01
9.888305664062500000e-01
1.051269531250000000e+00
1.048828125000000000e+00
1.152832031250000000e+00
1.122802734375000000e+00
1.124511718750000000e+00
1.030578613281250000e+00
9.794921875000000000e-01
1.037719726562500000e+00
1.137939453125000000e+00
1.039916992187500000e+00
1.039733886718750000e+00
1.085266113281250000e+00
1.235168457031250000e+00
1.035827636718750000e+00
9.155883789062500000e-01
8.807983398437500000e-01
8.996582031250000000e-01
8.002319335937500000e-01
9.957885742187500000e-01
1.072143554687500000e+00
1.050720214843750000e+00
1.056274414062500000e+00
1.134277343750000000e+00
1.104003906250000000e+00
1.094543457031250000e+00
1.171142578125000000e+00
1.138427734375000000e+00
1.154663085937500000e+00
1.153869628906250000e+00
1.244567871093750000e+00
1.257141113281250000e+00
1.215637207031250000e+00
1.323181152343750000e+00
1.257446289062500000e+00
1.094299316406250000e+00
1.122680664062500000e+00
1.144592285156250000e+00
1.105285644531250000e+00
1.140747070312500000e+00
1.152282714843750000e+00
1.033447265625000000e+00
1.093688964843750000e+00
1.120971679687500000e+00
1.248168945312500000e+00
1.249084472656250000e+00
1.085815429687500000e+00
1.133789062500000000e+00
1.094970703125000000e+00
1.119995117187500000e+00
1.250671386718750000e+00
1.265197753906250000e+00
1.132751464843750000e+00
1.188781738281250000e+00
1.106445312500000000e+00
1.001770019531250000e+00
8.914184570312500000e-01
8.884887695312500000e-01
8.849487304687500000e-01
9.420166015625000000e-01
8.012084960937500000e-01
8.692016601562500000e-01
9.503784179687500000e-01
8.860473632812500000e-01
9.567871093750000000e-01
1.036071777343750000e+00
1.041625976562500000e+00
1.128112792968750000e+00
1.079772949218750000e+00
9.183349609375000000e-01
8.933715820312500000e-01
8.804321289062500000e-01
8.194580078125000000e-01
9.340820312500000000e-01
8.805541992187500000e-01
8.391113281250000000e-01
8.621826171875000000e-01
8.392944335937500000e-01
7.572021484375000000e-01
7.772827148437500000e-01
8.054199218750000000e-01
7.347412109375000000e-01
6.759033203125000000e-01
7.817993164062500000e-01
7.922363281250000000e-01
8.828125000000000000e-01
9.834594726562500000e-01
9.589843750000000000e-01
1.071899414062500000e+00
9.152221679687500000e-01
8.563842773437500000e-01
8.605957031250000000e-01
8.767089843750000000e-01
8.568725585937500000e-01
8.957519531250000000e-01
8.322753906250000000e-01
7.988891601562500000e-01
7.623291015625000000e-01
8.345336914062500000e-01
8.143920898437500000e-01
9.802856445312500000e-01
1.074279785156250000e+00
1.053710937500000000e+00
1.007263183593750000e+00
9.924316406250000000e-01
8.760375976562500000e-01
7.578735351562500000e-01
7.573852539062500000e-01
7.102661132812500000e-01
8.567504882812500000e-01
9.048461914062500000e-01
1.026245117187500000e+00
1.048889160156250000e+00
1.061218261718750000e+00
1.039978027343750000e+00
9.531250000000000000e-01
8.611450195312500000e-01
9.486694335937500000e-01
9.821166992187500000e-01
9.321899414062500000e-01
8.814086914062500000e-01
9.163208007812500000e-01
9.114379882812500000e-01
9.071655273437500000e-01
8.536376953125000000e-01
7.996826171875000000e-01
7.560424804687500000e-01
8.185424804687500000e-01
7.539672851562500000e-01
7.977905273437500000e-01
8.164672851562500000e-01
8.646240234375000000e-01
9.490966796875000000e-01
1.002929687500000000e+00
9.290161132812500000e-01
9.892578125000000000e-01
8.820190429687500000e-01
8.176269531250000000e-01
7.733154296875000000e-01
8.625488281250000000e-01
9.420776367187500000e-01
9.171142578125000000e-01
1.024047851562500000e+00
9.723510742187500000e-01
9.555664062500000000e-01
1.080993652343750000e+00
1.099975585937500000e+00
1.027954101562500000e+00
1.026733398437500000e+00
1.104614257812500000e+00
1.069213867187500000e+00
1.153076171875000000e+00
1.082336425781250000e+00
1.046691894531250000e+00
1.017517089843750000e+00
1.029724121093750000e+00
1.131530761718750000e+00
1.064331054687500000e+00
1.169494628906250000e+00
1.086364746093750000e+00
1.029663085937500000e+00
1.064880371093750000e+00
9.396362304687500000e-01
9.745483398437500000e-01
8.759155273437500000e-01
9.034423828125000000e-01
8.929443359375000000e-01
9.743652343750000000e-01
9.518432617187500000e-01
9.652709960937500000e-01
1.078796386718750000e+00
1.161193847656250000e+00
1.094970703125000000e+00
1.045410156250000000e+00
1.103576660156250000e+00
1.019348144531250000e+00
8.999023437500000000e-01
8.995971679687500000e-01
1.075805664062500000e+00
9.495239257812500000e-01
8.789062500000000000e-01
8.261718750000000000e-01
7.940673828125000000e-01
8.439941406250000000e-01
9.163208007812500000e-01
9.044799804687500000e-01
8.587036132812500000e-01
9.133300781250000000e-01
1.011535644531250000e+00
9.200439453125000000e-01
6.871948242187500000e-01
7.099609375000000000e-01
7.249755859375000000e-01
6.531372070312500000e-01
6.777954101562500000e-01
7.105102539062500000e-01
7.190551757812500000e-01
6.947021484375000000e-01
7.190551757812500000e-01
6.865234375000000000e-01
6.937255859375000000e-01
7.399902343750000000e-01
6.985473632812500000e-01
7.012329101562500000e-01
7.368774414062500000e-01
7.824096679687500000e-01
7.990112304687500000e-01
8.330078125000000000e-01
8.222045898437500000e-01
8.681640625000000000e-01
1.044921875000000000e+00
1.046813964843750000e+00
9.718017578125000000e-01
9.451293945312500000e-01
9.752807617187500000e-01
1.060302734375000000e+00
1.106994628906250000e+00
1.054626464843750000e+00
1.191833496093750000e+00
1.066467285156250000e+00
1.062072753906250000e+00
1.027893066406250000e+00
1.040954589843750000e+00
1.031555175781250000e+00
9.746093750000000000e-01
8.903808593750000000e-01
8.920898437500000000e-01
8.729858398437500000e-01
9.019775390625000000e-01
7.561035156250000000e-01
8.278198242187500000e-01
8.432006835937500000e-01
5.607299804687500000e-01
6.088867187500000000e-01
8.269042968750000000e-01
7.798461914062500000e-01
8.150634765625000000e-01
8.784790039062500000e-01
1.016174316406250000e+00
8.989257812500000000e-01
9.075317382812500000e-01
8.275146484375000000e-01
7.924804687500000000e-01
7.744140625000000000e-01
7.989501953125000000e-01
7.832641601562500000e-01
8.391113281250000000e-01
7.947998046875000000e-01
7.073364257812500000e-01
9.034423828125000000e-01
9.032592773437500000e-01
9.293212890625000000e-01
9.889526367187500000e-01
1.039184570312500000e+00
9.690551757812500000e-01
9.928588867187500000e-01
9.071655273437500000e-01
9.182739257812500000e-01
9.747924804687500000e-01
1.030944824218750000e+00
1.031982421875000000e+00
8.579711914062500000e-01
9.998168945312500000e-01
1.002624511718750000e+00
9.788818359375000000e-01
9.933471679687500000e-01
9.743652343750000000e-01
1.055419921875000000e+00
1.054504394531250000e+00
9.601440429687500000e-01
1.064025878906250000e+00
7.420043945312500000e-01
8.928833007812500000e-01
7.505493164062500000e-01
8.873901367187500000e-01
9.645996093750000000e-01
1.015380859375000000e+00
1.131530761718750000e+00
1.042907714843750000e+00
1.012207031250000000e+00
8.963623046875000000e-01
8.811035156250000000e-01
7.083129882812500000e-01
7.551879882812500000e-01
7.928466796875000000e-01
8.656616210937500000e-01
8.256225585937500000e-01
8.718261718750000000e-01
8.233642578125000000e-01
8.624877929687500000e-01
8.320922851562500000e-01
8.453369140625000000e-01
9.739990234375000000e-01
1.051818847656250000e+00
1.081420898437500000e+00
9.375000000000000000e-01
9.038696289062500000e-01
9.105224609375000000e-01
9.835205078125000000e-01
9.709472656250000000e-01
9.511718750000000000e-01
8.860473632812500000e-01
9.093017578125000000e-01
9.696655273437500000e-01
8.233642578125000000e-01
8.605346679687500000e-01
7.249145507812500000e-01
7.088623046875000000e-01
6.957397460937500000e-01
6.882934570312500000e-01
7.887573242187500000e-01
7.620239257812500000e-01
8.690795898437500000e-01
9.547729492187500000e-01
8.745727539062500000e-01
7.802734375000000000e-01
6.777343750000000000e-01
7.208251953125000000e-01
7.156982421875000000e-01
6.630249023437500000e-01
7.308959960937500000e-01
7.004394531250000000e-01
6.836547851562500000e-01
7.423706054687500000e-01
7.507324218750000000e-01
7.645263671875000000e-01
7.219238281250000000e-01
6.801757812500000000e-01
7.159423828125000000e-01
7.214355468750000000e-01
7.155151367187500000e-01
7.524414062500000000e-01
9.007568359375000000e-01
7.791137695312500000e-01
8.768920898437500000e-01
9.794311523437500000e-01
9.476318359375000000e-01
1.039001464843750000e+00
9.442749023437500000e-01
9.874877929687500000e-01
8.519897460937500000e-01
8.847656250000000000e-01
8.554077148437500000e-01
8.152465820312500000e-01
9.123535156250000000e-01
8.303222656250000000e-01
9.112548828125000000e-01
8.510131835937500000e-01
8.081665039062500000e-01
9.326782226562500000e-01
8.716430664062500000e-01
9.702148437500000000e-01
7.215576171875000000e-01
8.024902343750000000e-01
8.674926757812500000e-01
9.425048828125000000e-01
8.363037109375000000e-01
9.268188476562500000e-01
9.510498046875000000e-01
9.365844726562500000e-01
8.870239257812500000e-01
8.112792968750000000e-01
8.469238281250000000e-01
6.821899414062500000e-01
7.586059570312500000e-01
8.415527343750000000e-01
8.671264648437500000e-01
8.280029296875000000e-01
9.017944335937500000e-01
9.518432617187500000e-01
9.739990234375000000e-01
8.984375000000000000e-01
9.544677734375000000e-01
9.648437500000000000e-01
1.005126953125000000e+00
9.548950195312500000e-01
9.768676757812500000e-01
1.014343261718750000e+00
1.035949707031250000e+00
9.944458007812500000e-01
1.002014160156250000e+00
1.022644042968750000e+00
8.973999023437500000e-01
1.040710449218750000e+00
1.027648925781250000e+00
1.021179199218750000e+00
1.070739746093750000e+00
1.050903320312500000e+00
9.791259765625000000e-01
8.444213867187500000e-01
7.036132812500000000e-01
7.052612304687500000e-01
6.772460937500000000e-01
5.892944335937500000e-01
8.712768554687500000e-01
1.127868652343750000e+00
1.145141601562500000e+00
1.264099121093750000e+00
1.286743164062500000e+00
1.330627441406250000e+00
1.241210937500000000e+00
1.309631347656250000e+00
1.244079589843750000e+00
1.296997070312500000e+00
9.694824218750000000e-01
9.223022460937500000e-01
7.259521484375000000e-01
6.936645507812500000e-01
7.113037109375000000e-01
8.638305664062500000e-01
7.933959960937500000e-01
8.720092773437500000e-01
8.905029296875000000e-01
8.486938476562500000e-01
7.716674804687500000e-01
7.689208984375000000e-01
6.731567382812500000e-01
7.050781250000000000e-01
6.995849609375000000e-01
8.428344726562500000e-01
8.697509765625000000e-01
1.058654785156250000e+00
1.088684082031250000e+00
1.262695312500000000e+00
1.259338378906250000e+00
1.299072265625000000e+00
1.118835449218750000e+00
1.056091308593750000e+00
1.168212890625000000e+00
1.030151367187500000e+00
1.058349609375000000e+00
8.533935546875000000e-01
8.892211914062500000e-01
8.300170898437500000e-01
1.033203125000000000e+00
9.979248046875000000e-01
9.738159179687500000e-01
1.018676757812500000e+00
1.001953125000000000e+00
1.014221191406250000e+00
9.031982421875000000e-01
8.320922851562500000e-01
8.311157226562500000e-01
9.108886718750000000e-01
1.008666992187500000e+00
1.338439941406250000e+00
1.358398437500000000e+00
1.500183105468750000e+00
1.491088867187500000e+00
1.330810546875000000e+00
1.334838867187500000e+00
1.316467285156250000e+00
1.248413085937500000e+00
1.233154296875000000e+00
1.161804199218750000e+00
1.213806152343750000e+00
1.080871582031250000e+00
1.000305175781250000e+00
9.956665039062500000e-01
1.037963867187500000e+00
7.687988281250000000e-01
7.340087890625000000e-01
8.413085937500000000e-01
8.853759765625000000e-01
8.745117187500000000e-01
9.492187500000000000e-01
8.823852539062500000e-01
9.801635742187500000e-01
9.724731445312500000e-01
9.338378906250000000e-01
8.306884765625000000e-01
9.285278320312500000e-01
6.644897460937500000e-01
8.737792968750000000e-01
9.838867187500000000e-01
5.532226562500000000e-01
6.132812500000000000e-01
6.718750000000000000e-01
6.543579101562500000e-01
5.471801757812500000e-01
5.019531250000000000e-01
5.422363281250000000e-01
5.675048828125000000e-01
5.575561523437500000e-01
5.834960937500000000e-01
6.080322265625000000e-01
6.091918945312500000e-01
5.548706054687500000e-01
6.260375976562500000e-01
5.934448242187500000e-01
6.824951171875000000e-01
7.207641601562500000e-01
7.287597656250000000e-01
7.745361328125000000e-01
8.548583984375000000e-01
8.448486328125000000e-01
8.427124023437500000e-01
8.528442382812500000e-01
8.678588867187500000e-01
8.529052734375000000e-01
8.261108398437500000e-01
8.946533203125000000e-01
8.385009765625000000e-01
8.838500976562500000e-01
9.862060546875000000e-01
1.028137207031250000e+00
1.078369140625000000e+00
1.029052734375000000e+00
1.092773437500000000e+00
1.009887695312500000e+00
9.548339843750000000e-01
9.326171875000000000e-01
9.305419921875000000e-01
8.985595703125000000e-01
9.884643554687500000e-01
9.627075195312500000e-01
1.059631347656250000e+00
1.077636718750000000e+00
1.020996093750000000e+00
9.545288085937500000e-01
8.987426757812500000e-01
8.892211914062500000e-01
1.012207031250000000e+00
9.677734375000000000e-01
9.393310546875000000e-01
8.999023437500000000e-01
8.674316406250000000e-01
9.775390625000000000e-01
9.694824218750000000e-01
9.898071289062500000e-01
1.110351562500000000e+00
1.040771484375000000e+00
9.438476562500000000e-01
9.420776367187500000e-01
1.172241210937500000e+00
1.106445312500000000e+00
1.068054199218750000e+00
1.001403808593750000e+00
1.045837402343750000e+00
1.043273925781250000e+00
1.131591796875000000e+00
1.128662109375000000e+00
1.093872070312500000e+00
1.111267089843750000e+00
1.159545898437500000e+00
1.169860839843750000e+00
1.184753417968750000e+00
1.110717773437500000e+00
1.139160156250000000e+00
1.281250000000000000e+00
1.195495605468750000e+00
1.280212402343750000e+00
1.286926269531250000e+00
1.249633789062500000e+00
1.187072753906250000e+00
1.256530761718750000e+00
1.229553222656250000e+00
1.259887695312500000e+00
1.210205078125000000e+00
1.182312011718750000e+00
1.241943359375000000e+00
1.194824218750000000e+00
1.237487792968750000e+00
1.221923828125000000e+00
1.186950683593750000e+00
9.666137695312500000e-01
9.096069335937500000e-01
7.863159179687500000e-01
8.637084960937500000e-01
8.964843750000000000e-01
8.869018554687500000e-01
9.636840820312500000e-01
9.246826171875000000e-01
8.769531250000000000e-01
9.934082031250000000e-01
1.000793457031250000e+00
1.042846679687500000e+00
8.912353515625000000e-01
9.451293945312500000e-01
8.597412109375000000e-01
9.697265625000000000e-01
9.780273437500000000e-01
9.921264648437500000e-01
1.006469726562500000e+00
8.657836914062500000e-01
8.605957031250000000e-01
6.799316406250000000e-01
7.263183593750000000e-01
6.624145507812500000e-01
6.870117187500000000e-01
6.342773437500000000e-01
6.593627929687500000e-01
5.480346679687500000e-01
5.782470703125000000e-01
7.321777343750000000e-01
6.600952148437500000e-01
7.436523437500000000e-01
7.000732421875000000e-01
6.476440429687500000e-01
6.381225585937500000e-01
7.433471679687500000e-01
7.698364257812500000e-01
6.235961914062500000e-01
7.406005859375000000e-01
8.045654296875000000e-01
7.968750000000000000e-01
8.749389648437500000e-01
9.196166992187500000e-01
9.990234375000000000e-01
9.943237304687500000e-01
1.117370605468750000e+00
9.581298828125000000e-01
9.739990234375000000e-01
1.016601562500000000e+00
9.865112304687500000e-01
9.892578125000000000e-01
9.944458007812500000e-01
9.243774414062500000e-01
9.851684570312500000e-01
1.082092285156250000e+00
1.220336914062500000e+00
1.295166015625000000e+00
1.354614257812500000e+00
1.349670410156250000e+00
1.120727539062500000e+00
1.172241210937500000e+00
1.223571777343750000e+00
1.115112304687500000e+00
9.838256835937500000e-01
9.011230468750000000e-01
7.814331054687500000e-01
6.479492187500000000e-01
6.384277343750000000e-01
6.928100585937500000e-01
6.623535156250000000e-01
6.936645507812500000e-01
7.283325195312500000e-01
6.985473632812500000e-01
7.205200195312500000e-01
7.716674804687500000e-01
8.000488281250000000e-01
7.721557617187500000e-01
7.952270507812500000e-01
8.175659179687500000e-01
8.585205078125000000e-01
7.688598632812500000e-01
7.651367187500000000e-01
8.055419921875000000e-01
7.894897460937500000e-01
6.951904296875000000e-01
7.728271484375000000e-01
7.294311523437500000e-01
5.834960937500000000e-01
5.421752929687500000e-01
6.025390625000000000e-01
7.611694335937500000e-01
7.739868164062500000e-01
8.560180664062500000e-01
8.892211914062500000e-01
8.430175781250000000e-01
8.179321289062500000e-01
8.909912109375000000e-01
7.527465820312500000e-01
6.746215820312500000e-01
7.538452148437500000e-01
9.176635742187500000e-01
8.687744140625000000e-01
9.314575195312500000e-01
9.328613281250000000e-01
1.027099609375000000e+00
1.086242675781250000e+00
1.095397949218750000e+00
9.184570312500000000e-01
9.958496093750000000e-01
1.143920898437500000e+00
1.179748535156250000e+00
1.145568847656250000e+00
1.205017089843750000e+00
1.267822265625000000e+00
1.010498046875000000e+00
8.813476562500000000e-01
7.202758789062500000e-01
6.083984375000000000e-01
7.001342773437500000e-01
7.647705078125000000e-01
9.465942382812500000e-01
9.342651367187500000e-01
7.537231445312500000e-01
8.807983398437500000e-01
7.120361328125000000e-01
6.843261718750000000e-01
4.954833984375000000e-01
5.103759765625000000e-01
4.891357421875000000e-01
4.523315429687500000e-01
4.906616210937500000e-01
4.877929687500000000e-01
5.144653320312500000e-01
5.493774414062500000e-01
5.657958984375000000e-01
6.374511718750000000e-01
6.411132812500000000e-01
7.072753906250000000e-01
7.205810546875000000e-01
8.275146484375000000e-01
7.403564453125000000e-01
8.637695312500000000e-01
7.239990234375000000e-01
7.117309570312500000e-01
8.533935546875000000e-01
8.445434570312500000e-01
8.715820312500000000e-01
7.752075195312500000e-01
8.245849609375000000e-01
8.190307617187500000e-01
8.256835937500000000e-01
7.906494140625000000e-01
7.116699218750000000e-01
7.863159179687500000e-01
8.386230468750000000e-01
7.863159179687500000e-01
6.750488281250000000e-01
7.289428710937500000e-01
6.720581054687500000e-01
8.126831054687500000e-01
7.276000976562500000e-01
7.880859375000000000e-01
8.107910156250000000e-01
8.551025390625000000e-01
7.675170898437500000e-01
7.219238281250000000e-01
7.351074218750000000e-01
7.616577148437500000e-01
6.936035156250000000e-01
6.568603515625000000e-01
6.649169921875000000e-01
7.218017578125000000e-01
6.846313476562500000e-01
7.063598632812500000e-01
6.962890625000000000e-01
6.743774414062500000e-01
6.986694335937500000e-01
7.133789062500000000e-01
8.166503906250000000e-01
7.634887695312500000e-01
6.198120117187500000e-01
5.482788085937500000e-01
4.603271484375000000e-01
4.626464843750000000e-01
4.737548828125000000e-01
5.560302734375000000e-01
5.770874023437500000e-01
5.672607421875000000e-01
5.825805664062500000e-01
5.484619140625000000e-01
5.022583007812500000e-01
4.552612304687500000e-01
4.812622070312500000e-01
4.842529296875000000e-01
5.062866210937500000e-01
5.007324218750000000e-01
6.445922851562500000e-01
5.817871093750000000e-01
6.145629882812500000e-01
6.223144531250000000e-01
6.212768554687500000e-01
7.971801757812500000e-01
7.451171875000000000e-01
7.478637695312500000e-01
7.099609375000000000e-01
7.830810546875000000e-01
7.597045898437500000e-01
6.495361328125000000e-01
6.000976562500000000e-01
6.649169921875000000e-01
5.498046875000000000e-01
6.670532226562500000e-01
6.055297851562500000e-01
5.524291992187500000e-01
5.714721679687500000e-01
6.442260742187500000e-01
6.605834960937500000e-01
6.467895507812500000e-01
7.591552734375000000e-01
6.804199218750000000e-01
4.950561523437500000e-01
3.187255859375000000e-01
4.474487304687500000e-01
3.584594726562500000e-01
4.639892578125000000e-01
5.646362304687500000e-01
5.718994140625000000e-01
6.056518554687500000e-01
8.199462890625000000e-01
6.810913085937500000e-01
6.951904296875000000e-01
7.296752929687500000e-01
7.525024414062500000e-01
8.045043945312500000e-01
7.094116210937500000e-01
7.423706054687500000e-01
7.730102539062500000e-01
7.101440429687500000e-01
7.368164062500000000e-01
7.455444335937500000e-01
7.977294921875000000e-01
7.860107421875000000e-01
7.348632812500000000e-01
5.263671875000000000e-01
6.854248046875000000e-01
8.145751953125000000e-01
6.842651367187500000e-01
8.114013671875000000e-01
8.405761718750000000e-01
8.125000000000000000e-01
6.465454101562500000e-01
6.354370117187500000e-01
6.605224609375000000e-01
6.027221679687500000e-01
5.994262695312500000e-01
6.696166992187500000e-01
5.578613281250000000e-01
6.470947265625000000e-01
6.331176757812500000e-01
5.176391601562500000e-01
4.446411132812500000e-01
3.386840820312500000e-01
3.958740234375000000e-01
3.714599609375000000e-01
3.502807617187500000e-01
