1.015941638183593750e+04
1.332322895815770380e+03
2.986268455975152847e+02
2.444948477360876041e+03
5.457781361622106715e+02
5.871923702554223610e+02
2.676280082477406950e+02
5.238575338938052255e+02
1.554339842610308153e+02
4.408249532968748099e+02
5.909833162337365593e+02
4.825005979616269656e+02
2.741655314789834961e+02
1.754211751322506245e+02
3.100769580754686103e+02
2.759413880676764279e+02
3.729411255676570818e+02
2.473871570930133998e+02
9.428793629046647595e+01
1.332212154651319906e+02
1.499923250456641597e+02
2.125849301252166867e+02
1.420541231788515404e+02
2.784823658480734139e+02
3.229912090658215220e+02
2.623595645052599821e+02
2.473686365834612957e+02
2.321874559278525965e+02
6.624389657113239593e+01
8.391391985562356126e+01
6.814355656773446412e+01
7.305701173730480491e+01
5.856190187609547593e+01
9.709354196419982941e+01
1.016515756823356753e+02
5.471251122544229162e+01
1.548042444520068557e+02
2.177712553271143463e+02
2.240799010599595249e+02
1.966502552963711139e+02
1.896517406340409764e+02
5.349914238333585104e+01
1.975641254099223829e+02
1.282650320177189371e+02
1.212286434842497584e+02
1.737112065313110065e+02
1.363072417000447842e+02
1.068840303483297021e+02
1.553328062626834196e+02
1.452312327422384897e+02
7.336840644245221199e+01
1.152593398621656462e+02
9.996537165143126913e+01
1.282717212945130143e+02
8.401104310965700961e+01
3.316278119056307361e+01
1.004935187323355592e+02
8.585961292672389789e+01
8.769251420309463185e+01
7.149376140483381903e+01
6.232538548592202687e+01
8.332438772574272434e+01
5.696411756204224730e+01
3.421311724829169520e+01
4.058236429984658145e+01
2.476499193501060603e+01
6.035743255794221085e+01
1.659970966422895344e+02
2.872756285870000070e+01
8.323745931882540106e+01
8.535227455159936483e+01
5.238746367477708077e+01
5.837199781914478791e+01
9.086966257578922068e+01
1.363324680397121256e+02
5.859772671948316969e+01
1.175250476918478029e+02
6.048528507319365843e+01
5.122189260247046150e+01
8.758048721582204621e+01
4.677756663303571116e+01
9.918188819217371588e+01
9.209435849028480447e+01
1.935446057587069504e+02
6.965257308624970278e+01
6.814323577067177951e+01
1.475296234613511501e+02
5.298652010783381172e+01
4.258298531942042331e+01
8.174651722085467043e+01
1.864835402208897221e+02
2.944940942047849930e+01
1.008979624557573516e+02
1.030306668969843429e+02
9.482958858323266327e+01
5.286283318469214265e+01
2.271239734137206767e+01
6.081487739600435560e+01
8.670851874908618129e+01
6.309270933688820548e+01
9.475241084506849631e+01
1.558569340801737368e+01
3.434838386125172605e+01
5.216773677856998148e+01
2.257492164939358759e+01
3.377734427672927353e+01
3.429110688407912733e+01
4.143374676112478738e+01
5.675194987392978874e+01
8.878225519615231320e+00
6.820384073267202751e+00
2.139693375466566039e+01
3.151543001842524205e+01
7.881882813005786659e+01
2.507486009507292835e+01
8.604691946818562087e+01
4.403753458715542735e+01
2.837928395312733088e+01
3.967218601761558006e+01
2.870687086593710191e+01
9.978503693415461839e+00
5.129550616690785603e+01
6.054217278591475093e+01
4.046724432356050727e+01
7.499063809981367967e+01
5.159576313301996464e+01
5.938589136453463624e+01
3.869313805899015790e+01
1.755286867911243576e+01
2.261251000356510943e+01
1.623135067222953509e+01
1.681890632398658880e+01
1.772513433370430747e+01
3.466601836144771909e+01
1.904495729807386795e+01
3.596039365057498571e+01
1.419938269607827763e+01
5.900732956112237559e+01
1.148770323173678065e+01
5.173484346124083544e+01
5.800349088896397376e+01
4.866784133726816464e+01
1.124848104808495819e+01
2.193610582438808976e+01
4.489268861005020028e+01
5.409047411452794663e+00
3.287879031133098806e+01
2.743786888227885967e+01
2.849706971022625979e+01
5.105203005154957907e+01
2.732847208473805622e+01
4.929582038199625060e+01
1.326795506644922362e+01
1.894853930811470377e+01
1.878847195569345629e+01
1.701976519217551598e+01
6.274949466486154392e+01
2.769620857164377981e+01
4.480756167068560814e+01
1.403831477689177731e+01
3.441795545392172784e+01
2.359891225446648733e+01
9.565840122858682903e+00
3.148634237161718374e+01
4.837313263017034615e+01
1.453517528202431563e+01
3.218501760964187497e+01
2.540093313240906170e+01
4.090551079610016671e+01
2.201265048471329422e+01
4.011324088814519229e+01
4.320893314959938181e+01
3.184495975518493438e+01
4.095197447823965575e+01
3.704848563761856894e+01
3.212939873494574528e+01
2.380630272854198637e+01
2.445450085901590143e+01
1.245495532469627342e+01
1.625222112600999225e+01
2.644727398631266979e+01
5.174593643241094298e+01
7.004875837198637711e+00
1.109188254751704328e+01
7.256326588703189806e+00
1.427259511969183237e+01
2.495401458781457293e+01
2.157750076558020069e+01
2.934772553430410369e+01
2.255223735256356221e+01
2.235930899077753153e+01
3.111523013673739868e+01
8.220530778182817855e+00
2.483578235891821961e+01
9.103966083577438084e+00
1.010264261042690492e+01
1.961156899290612188e+01
1.694051660404641879e+01
4.690080138913509167e+00
3.407150542198363752e+01
3.675924316051984420e+01
2.671262777320341542e+01
2.657770022293743750e+01
1.915354888110400111e+01
3.099611193237166162e+01
3.247553426572338253e+01
1.719128269991339764e+01
3.060261711414943520e+01
2.655500440166525067e+01
2.876342361833379258e+01
2.572558455853785375e+01
2.859034244259727586e+01
1.845529513279323197e+01
1.873651348604324696e+01
2.427753124908591431e+01
2.277002169296289935e+01
1.550162623596353129e+01
2.461304882964637741e+01
7.262597192475493735e+00
8.870358758020984169e+00
1.157261875928804429e+01
2.093533817672896902e+01
1.625659220253605142e+01
7.757745532848812964e+00
1.142769202152705610e+01
1.939118799063878029e+01
2.158908733302900629e+01
6.755920875536429726e+00
1.917118368548224794e+01
8.811212503132354712e+00
2.486002351710719438e+01
1.126985388895498552e+01
1.287237337136623161e+01
1.687793433731234316e+01
3.490136434268407584e+01
2.413475661488883617e+01
2.178140732167189952e+01
1.906630724467290960e+01
1.395407908510076034e+01
1.481229764291681228e+01
1.799942193042777916e+01
1.709896380318470577e+01
2.852155997531850318e+01
1.915303271309177191e+01
1.794948160844134222e+01
4.307863993600940411e+00
2.772531778920184653e+00
1.261538949255278652e+01
1.189131901729714613e+01
8.256110670669775331e+00
1.120892771809674748e+01
1.747429238254188277e+01
7.440233247542251682e+00
3.907168753796713467e+00
1.768492099447847821e+01
1.077386504353976981e+01
1.007587430432820774e+01
1.351224425461994372e+01
8.055092860994680137e+00
1.553487742552210626e+01
1.457839149968743619e+01
1.430420395287557689e+01
1.126382921539857307e+01
1.348993112448085974e+01
1.018635377754559634e+01
1.871644941036352705e+01
1.165245323125650323e+01
5.032402625668257024e+00
8.244883854020539360e+00
1.936701886516197746e+01
1.791094706116172119e+01
8.706524021662481516e+00
1.019572253064611367e+01
1.051661688064885247e+01
2.541997583763123814e+01
8.044989653772626426e+00
8.515264300226512262e+00
3.290757630951770540e+00
1.548972083304670511e+00
8.246236512347989489e+00
6.680437640201104088e+00
1.721734570162904632e+01
1.453847119446972158e+01
9.398772373997854146e+00
7.156892635877372122e+00
1.736295939623365214e+01
2.165587629241785450e+01
1.498330910686186712e+01
2.259856835511324213e+00
1.644910748043852777e+01
1.635956591500442769e+01
8.882470567491230540e+00
2.131076904988993448e+01
3.248164454640193988e+00
3.581438014019703076e+00
1.081777668946710769e+01
3.680737620838059776e+00
6.612918351999899969e+00
1.094664443457463943e+00
4.940189725988685332e+00
5.093331727433699108e+00
8.758586511995963164e+00
3.620849060525729524e+00
1.962125030197657338e+01
1.048413186556012455e+01
9.635152859721081597e+00
3.062897370499053196e+00
1.574984346452033357e+01
9.263038619801806206e+00
9.387423028644992229e+00
2.474645605444801166e+00
3.932072108340810779e+00
1.508595899766435977e+01
2.114221059286121474e+00
4.767497078479618899e+00
9.765101408449215370e+00
1.042291115445236827e+01
2.352129287303213800e+00
1.295326747788236155e+01
8.308388315661535017e+00
5.277939299133930895e+00
2.479473386669529233e+01
5.944399249219627812e+00
8.715256240501471297e+00
9.552722204496552294e+00
2.092186851136732173e+01
6.794862528116125233e+00
6.600649341820038707e+00
3.660104579089201504e+00
1.585718352594959590e+01
1.919598854719851388e+01
5.273598487705568161e+00
9.430011912655471562e+00
1.436939200968945940e+01
7.258088071542927899e+00
2.448092903602193715e+01
2.396735836777593676e+01
1.009777324910725937e+01
8.165311682626368750e+00
1.659458676663554044e+01
1.341242697316473631e+01
5.413755058894028416e+00
1.598328008626955921e+01
1.347790768678056317e+01
1.633205692986838642e+01
1.439815125498337167e+01
7.324702503346143700e+00
2.169916722505794482e+00
1.756932298183141938e+01
5.543511635074035659e+00
1.406163684419200166e+01
6.510249378860545555e+00
1.254382649767139846e+01
1.171661417222414237e+01
8.644814405315887740e+00
8.564680061800931554e+00
9.227593048181857993e-01
1.083290759261849345e+01
4.803490859693815729e+00
4.167472025734644703e+00
6.182794629449994694e+00
3.824132102994769244e+00
1.244153844913771145e+01
1.129102751285285811e+00
8.132765842479606988e+00
1.536858941934350931e+01
1.348085971415964579e+01
7.412203615660909684e+00
1.327984814755766685e+00
1.277228845271397129e+00
5.224204716028361339e+00
9.449591314570669809e+00
9.644365253572152241e+00
6.985992365465955700e+00
1.553684922811282298e+01
1.280922757182885618e+01
1.298172054291008015e+00
1.131484935835687011e+01
3.896287663473252838e+00
9.019413307128857582e+00
6.904035733006342213e+00
9.052407969061532000e+00
5.007703292231560077e+00
5.346040725278075278e+00
4.699301412625076502e+00
1.260243785687984719e+01
3.757571459003450354e+00
1.216517541270358649e+01
3.926645068063234767e+00
8.043054043373171424e+00
6.742182487449128736e+00
2.525866179027769665e+00
1.087985704440072077e+01
1.458684144559490115e+01
1.261817747312741211e+00
1.448167437862120366e+01
1.998631023312337263e+01
1.222164337765350339e+01
7.760159464700875809e+00
1.371228825712746513e+01
1.114575922314852896e+01
1.887156685478457607e+00
8.084824750374176361e+00
1.475971619231101251e+01
9.856460449806917268e+00
3.003131915909327709e+00
7.740026992037585707e+00
6.809766744688587892e+00
1.289156634931740264e+01
1.238838735196890362e+01
8.169209915077482620e+00
3.271777136064944358e+00
2.050647491845641923e+01
5.641905957761696122e+00
5.979410484631960898e+00
3.061587062475334520e+00
1.025790460227661738e+00
3.587291576885144995e+00
5.248748940825517906e+00
1.424347661151585065e+01
5.824620429921697706e+00
1.100150447955691924e+01
1.050897098188274725e+01
5.717228376660870026e+00
1.069262645637228637e+01
1.163346606174651399e+01
1.297390276688556021e+01
1.464826072245764887e+00
3.986579753338700183e+00
8.887759601621890937e+00
7.581729703354689320e+00
8.970303118738559789e+00
2.772892900685686168e+00
7.045355291450777102e+00
7.844453293749319656e+00
1.214799165469272069e+01
2.571799497197036821e+00
5.832318063794134311e+00
3.705270326827575733e+00
3.009134582569905181e+00
2.286679553662051223e+00
3.403372021909516043e+00
7.315704202834945491e+00
1.093995266498227981e+00
1.209617048928621408e+01
1.864643917450047761e+00
6.188851891734485910e+00
1.628606182496311838e+00
1.315365241917393391e+01
1.261256599308062398e+01
1.724985072819283038e+00
4.258780511777988664e+00
5.160519364141308962e+00
1.209355481297024681e+01
2.863159705849016134e+00
2.523315849380321829e+00
4.538813238522260818e+00
1.117978619918336847e+01
3.452741848279652359e+00
3.670309181284251654e+00
4.774298371262628571e+00
5.013442666120393909e+00
6.757891852958048062e+00
1.147086431987412958e+01
7.536387237195257605e+00
5.986510184436919957e+00
3.847706928583042529e+00
4.346786027494566440e+00
5.362774082413372057e+00
1.030367464668560373e+01
7.621018332927413930e+00
9.010472144541564532e+00
1.309724704183996202e+01
5.438797581575407492e+00
7.089168115991308916e+00
4.846179057270256330e+00
7.629156484207245903e+00
8.466567365539599876e+00
6.654664302076353621e+00
3.669158871363546126e+00
6.809263384961466770e+00
8.544279135343105125e+00
3.118041742634884095e+00
2.989287721168242928e+00
1.539894522758864781e+01
6.185813135309103927e+00
1.972246140813117554e+00
6.185957273337763240e+00
1.288779074382077816e+01
7.458170423654602033e+00
9.394185468736064859e-01
6.867271796555432850e+00
7.613576086990068603e+00
6.011022198084436496e+00
1.400797510197777207e+01
8.808677261094564059e+00
2.988357432391228308e+00
4.225852342185498323e+00
1.035091673463251283e+01
5.742960361300580630e+00
7.135777115729246667e+00
8.816677514909910807e-01
3.767023918160544049e+00
6.748447245357091617e+00
2.516657132902194949e+00
2.413518160893139086e+00
6.983923028136574729e+00
1.043132223593857155e+01
5.470935847858985568e+00
4.837062671356544108e+00
8.710919151251331982e+00
9.651194130596298937e-01
7.340243789858505785e+00
1.872290761732304532e+01
3.689292557458416777e+00
6.097576782202771106e+00
8.089035862402138122e+00
8.148557021375637532e+00
6.330224978911406453e+00
4.245727080065141656e+00
1.134124275773605106e+01
8.281475582526844903e+00
6.452794329372124160e+00
7.994370118777010426e+00
5.940703478825301254e+00
1.034520566570536992e+01
1.012936281188507515e+01
3.935828539910931845e+00
8.212953597874905753e+00
4.801512873250141311e+00
3.550036553691064078e+00
6.267766924634904591e+00
4.740691870384694973e+00
1.195412181920335160e+00
4.541021756086150774e+00
5.628406588822826961e+00
9.302642627926312358e+00
9.232323549161295162e+00
1.107346659362729291e+01
1.297604601330509233e+01
1.228370396503500217e+01
5.420204729159414647e+00
6.024904075090592448e-01
1.295793583518331893e+01
7.008880361951521643e+00
1.605573409652103933e+01
4.916161413982683470e+00
1.758726416346122701e+00
4.431708521540594248e+00
4.736782100176607280e+00
3.416900370888153127e+00
5.600894097124403004e+00
1.653152560739301169e+00
3.279199007331054183e+00
1.169195794251911380e+01
8.200494585362134714e+00
2.647676449015261557e+00
6.584994831814463545e+00
1.327109092806657209e+01
9.538652308729901108e+00
1.321072693097832706e+00
1.298063399097366144e+01
9.263012536159559218e+00
3.482134836220187601e+00
6.733293876843365666e+00
1.969165157649597431e+00
6.082018113970132589e+00
4.582599946887773612e+00
5.977488157956952541e+00
7.871802835421476408e-01
1.001307275755059401e+01
3.654022037391408961e+00
8.486039789476627959e+00
6.298181747568275313e+00
1.284986075526536098e+01
1.095773878149066682e+01
1.008884460906470881e+00
4.671001770075070780e+00
8.090096669551714470e+00
1.280724707191027179e+01
4.944871923266703106e+00
7.818024425254641585e+00
1.042990823879074469e+01
3.338783900083693190e+00
6.719371240153649616e+00
8.062543558215272910e+00
1.113676847061621800e+01
1.354322791289418149e+01
1.124904855199385345e+01
8.481795042268075235e+00
1.133077100250001834e+01
3.379066444767750088e+00
7.232106474576063704e+00
1.680192467888620911e+01
4.583701321505421333e+01
2.113538372287795397e+01
2.553134623454634600e+00
5.933561754333868343e+00
5.290289540149924363e+00
9.287719726562526645e+00
5.290289540149924363e+00
5.933561754332790095e+00
2.553134623454634600e+00
2.113538372287969480e+01
4.583701321505421333e+01
1.680192467888457486e+01
7.232106474576063704e+00
3.379066444766136712e+00
1.133077100250001834e+01
8.481795042269597573e+00
1.124904855199385345e+01
1.354322791289372852e+01
1.113676847061621800e+01
8.062543558214851913e+00
6.719371240153649616e+00
3.338783900083089229e+00
1.042990823879074469e+01
7.818024425255412524e+00
4.944871923266703106e+00
1.280724707190873346e+01
8.090096669551714470e+00
4.671001770073564430e+00
1.008884460906470881e+00
1.095773878149006997e+01
1.284986075526536098e+01
6.298181747569857158e+00
8.486039789476627959e+00
3.654022037392268718e+00
1.001307275755059401e+01
7.871802835405093957e-01
5.977488157956952541e+00
4.582599946889100551e+00
6.082018113970132589e+00
1.969165157648069320e+00
6.733293876843365666e+00
3.482134836221463470e+00
9.263012536159559218e+00
1.298063399097461712e+01
1.321072693097832706e+00
9.538652308728789109e+00
1.327109092806657209e+01
6.584994831813801852e+00
2.647676449015261557e+00
8.200494585363760081e+00
1.169195794251911380e+01
3.279199007332691096e+00
1.653152560739301169e+00
5.600894097123148008e+00
3.416900370888153127e+00
4.736782100175058297e+00
4.431708521540594248e+00
1.758726416344616128e+00
4.916161413982683470e+00
1.605573409652197725e+01
7.008880361951521643e+00
1.295793583518492120e+01
6.024904075090592448e-01
5.420204729158063728e+00
1.228370396503500217e+01
1.297604601330625584e+01
1.107346659362729291e+01
9.232323549160119214e+00
9.302642627926312358e+00
5.628406588821741607e+00
4.541021756086150774e+00
1.195412181919598638e+00
4.740691870384694973e+00
6.267766924635700398e+00
3.550036553691064078e+00
4.801512873248473312e+00
8.212953597874905753e+00
3.935828539910881663e+00
1.012936281188507515e+01
1.034520566570402345e+01
5.940703478825301254e+00
7.994370118775898426e+00
6.452794329372124160e+00
8.281475582527315638e+00
1.134124275773605106e+01
4.245727080065393011e+00
6.330224978911406453e+00
8.148557021376738874e+00
8.089035862402138122e+00
6.097576782202049905e+00
3.689292557458416777e+00
1.872290761732241293e+01
7.340243789858505785e+00
9.651194130596782994e-01
8.710919151251331982e+00
4.837062671355865540e+00
5.470935847858985568e+00
1.043132223593921282e+01
6.983923028136574729e+00
2.413518160891581665e+00
2.516657132902194949e+00
6.748447245358301316e+00
3.767023918160544049e+00
8.816677514897713897e-01
7.135777115729246667e+00
5.742960361301683747e+00
1.035091673463251283e+01
4.225852342184806432e+00
2.988357432391228308e+00
8.808677261095334998e+00
1.400797510197777207e+01
6.011022198083432855e+00
7.613576086990068603e+00
6.867271796554153873e+00
9.394185468736064859e-01
7.458170423654044257e+00
1.288779074382077816e+01
6.185957273339136364e+00
1.972246140813117554e+00
6.185813135309929045e+00
1.539894522758864781e+01
2.989287721167267708e+00
3.118041742634884095e+00
8.544279135341509956e+00
6.809263384961466770e+00
3.669158871362931063e+00
6.654664302076353621e+00
8.466567365538574919e+00
7.629156484207245903e+00
4.846179057268720669e+00
7.089168115991308916e+00
5.438797581574688955e+00
1.309724704183996202e+01
9.010472144541814998e+00
7.621018332927413930e+00
1.030367464668722199e+01
5.362774082413372057e+00
4.346786027493817706e+00
3.847706928583042529e+00
5.986510184438254001e+00
7.536387237195257605e+00
1.147086431987285771e+01
6.757891852958048062e+00
5.013442666118998581e+00
4.774298371262628571e+00
3.670309181285205558e+00
3.452741848279652359e+00
1.117978619918199534e+01
4.538813238522260818e+00
2.523315849381452480e+00
2.863159705849016134e+00
1.209355481296911172e+01
5.160519364141308962e+00
4.258780511777198186e+00
1.724985072819283038e+00
1.261256599308159920e+01
1.315365241917393391e+01
1.628606182496261434e+00
6.188851891734485910e+00
1.864643917451078936e+00
1.209617048928621408e+01
1.093995266496958996e+00
7.315704202834945491e+00
3.403372021908084299e+00
2.286679553662051223e+00
3.009134582570012206e+00
3.705270326827575733e+00
5.832318063792959251e+00
2.571799497197036821e+00
1.214799165469205988e+01
7.844453293749319656e+00
7.045355291450482227e+00
2.772892900685686168e+00
8.970303118739172632e+00
7.581729703354689320e+00
8.887759601623592687e+00
3.986579753338700183e+00
1.464826072246122157e+00
1.297390276688556021e+01
1.163346606174674314e+01
1.069262645637228637e+01
5.717228376662030875e+00
1.050897098188274725e+01
1.100150447955622468e+01
5.824620429921697706e+00
1.424347661151486122e+01
5.248748940825517906e+00
3.587291576885261346e+00
1.025790460227661738e+00
3.061587062476803123e+00
5.979410484631960898e+00
5.641905957763231783e+00
2.050647491845641923e+01
3.271777136066451153e+00
8.169209915077482620e+00
1.238838735196741325e+01
1.289156634931740264e+01
6.809766744690171514e+00
7.740026992037585707e+00
3.003131915909245553e+00
9.856460449806917268e+00
1.475971619230979925e+01
8.084824750374176361e+00
1.887156685478472706e+00
1.114575922314852896e+01
1.371228825712757349e+01
7.760159464700875809e+00
1.222164337765546627e+01
1.998631023312337263e+01
1.448167437862283080e+01
1.261817747312741211e+00
1.458684144559576445e+01
1.087985704440072077e+01
2.525866179027101754e+00
6.742182487449128736e+00
8.043054043374517903e+00
3.926645068063234767e+00
1.216517541270320102e+01
3.757571459003450354e+00
1.260243785688127183e+01
4.699301412625076502e+00
5.346040725278415451e+00
5.007703292231560077e+00
9.052407969062796766e+00
6.904035733006342213e+00
9.019413307130403012e+00
3.896287663473252838e+00
1.131484935835772632e+01
1.298172054291008015e+00
1.280922757183017957e+01
1.553684922811282298e+01
6.985992365464660736e+00
9.644365253572152241e+00
9.449591314570886524e+00
5.224204716028361339e+00
1.277228845273005842e+00
1.327984814755766685e+00
7.412203615662450673e+00
1.348085971415964579e+01
1.536858941934227651e+01
8.132765842479606988e+00
1.129102751283792117e+00
1.244153844913771145e+01
3.824132102995891902e+00
6.182794629449994694e+00
4.167472025733117036e+00
4.803490859693815729e+00
1.083290759262006020e+01
9.227593048181857993e-01
8.564680061801137612e+00
8.644814405315887740e+00
1.171661417222501456e+01
1.254382649767139846e+01
6.510249378861237446e+00
1.406163684419200166e+01
5.543511635075718758e+00
1.756932298183141938e+01
2.169916722506294970e+00
7.324702503346143700e+00
1.439815125498303949e+01
1.633205692986838642e+01
1.347790768678182438e+01
1.598328008626955921e+01
5.413755058893667815e+00
1.341242697316473631e+01
1.659458676663712495e+01
8.165311682626368750e+00
1.009777324910700891e+01
2.396735836777593676e+01
2.448092903602238835e+01
7.258088071542927899e+00
1.436939200969074903e+01
9.430011912655471562e+00
5.273598487706288473e+00
1.919598854719851388e+01
1.585718352594974334e+01
3.660104579089201504e+00
6.600649341820761684e+00
6.794862528116125233e+00
2.092186851136677106e+01
9.552722204496552294e+00
8.715256240500718121e+00
5.944399249219627812e+00
2.479473386669512891e+01
5.277939299133930895e+00
8.308388315660888424e+00
1.295326747788236155e+01
2.352129287304639771e+00
1.042291115445236827e+01
9.765101408447685927e+00
4.767497078479618899e+00
2.114221059284504989e+00
1.508595899766435977e+01
3.932072108342318462e+00
2.474645605444801166e+00
9.387423028644100498e+00
9.263038619801806206e+00
1.574984346451946671e+01
3.062897370499053196e+00
9.635152859721705099e+00
1.048413186556012455e+01
1.962125030197692865e+01
3.620849060525729524e+00
8.758586511996668378e+00
5.093331727433699108e+00
4.940189725987695901e+00
1.094664443457463943e+00
6.612918352001367239e+00
3.680737620838059776e+00
1.081777668946576831e+01
3.581438014019703076e+00
3.248164454640666055e+00
2.131076904988993448e+01
8.882470567492834590e+00
1.635956591500442769e+01
1.644910748043790960e+01
2.259856835511324213e+00
1.498330910686036610e+01
2.165587629241785450e+01
1.736295939623206408e+01
7.156892635877372122e+00
9.398772373999063845e+00
1.453847119446972158e+01
1.721734570162767497e+01
6.680437640201104088e+00
8.246236512346420966e+00
1.548972083304670511e+00
3.290757630952887869e+00
8.515264300226512262e+00
8.044989653772431026e+00
2.541997583763123814e+01
1.051661688065025935e+01
1.019572253064611367e+01
8.706524021660884571e+00
1.791094706116172119e+01
1.936701886516216220e+01
8.244883854020539360e+00
5.032402625668473739e+00
1.165245323125650323e+01
1.871644941036531051e+01
1.018635377754559634e+01
1.348993112448227194e+01
1.126382921539857307e+01
1.430420395287388757e+01
1.457839149968743619e+01
1.553487742552122697e+01
8.055092860994680137e+00
1.351224425461904666e+01
1.007587430432820774e+01
1.077386504353941987e+01
1.768492099447847821e+01
3.907168753795232874e+00
7.440233247542251682e+00
1.747429238254123263e+01
1.120892771809674748e+01
8.256110670671523266e+00
1.189131901729714613e+01
1.261538949255431952e+01
2.772531778920184653e+00
4.307863993600944852e+00
1.794948160844134222e+01
1.915303271309271338e+01
2.852155997531850318e+01
1.709896380318620146e+01
1.799942193042777916e+01
1.481229764291790119e+01
1.395407908510076034e+01
1.906630724467376226e+01
2.178140732167189952e+01
2.413475661489039581e+01
3.490136434268407584e+01
1.687793433731352266e+01
1.287237337136623161e+01
1.126985388895609752e+01
2.486002351710719438e+01
8.811212503133484475e+00
1.917118368548224794e+01
6.755920875537458237e+00
2.158908733302900629e+01
1.939118799063958321e+01
1.142769202152705610e+01
7.757745532847445169e+00
1.625659220253605142e+01
2.093533817672985009e+01
1.157261875928804429e+01
8.870358758022112156e+00
7.262597192475493735e+00
2.461304882964777718e+01
1.550162623596353129e+01
2.277002169296411793e+01
2.427753124908591431e+01
1.873651348604456146e+01
1.845529513279323197e+01
2.859034244259687085e+01
2.572558455853785375e+01
2.876342361833538064e+01
2.655500440166525067e+01
3.060261711415038377e+01
1.719128269991339764e+01
3.247553426572270752e+01
3.099611193237166162e+01
1.915354888110315201e+01
2.657770022293743750e+01
2.671262777320159643e+01
3.675924316051984420e+01
3.407150542198306198e+01
4.690080138913509167e+00
1.694051660404497639e+01
1.961156899290612188e+01
1.010264261042535594e+01
9.103966083577438084e+00
2.483578235891762276e+01
8.220530778182817855e+00
3.111523013673752658e+01
2.235930899077753153e+01
2.255223735256226192e+01
2.934772553430410369e+01
2.157750076558111374e+01
2.495401458781457293e+01
1.427259511969327654e+01
7.256326588703189806e+00
1.109188254751536817e+01
7.004875837198637711e+00
5.174593643241207985e+01
2.644727398631266979e+01
1.625222112600877011e+01
1.245495532469627342e+01
2.445450085901632775e+01
2.380630272854198637e+01
3.212939873494603660e+01
3.704848563761856894e+01
4.095197447823796466e+01
3.184495975518493438e+01
4.320893314960063236e+01
4.011324088814519229e+01
2.201265048471276131e+01
4.090551079610016671e+01
2.540093313240739548e+01
3.218501760964187497e+01
1.453517528202270448e+01
4.837313263017034615e+01
3.148634237161878602e+01
9.565840122858682903e+00
2.359891225446640206e+01
3.441795545392172784e+01
1.403831477689302609e+01
4.480756167068560814e+01
2.769620857164343875e+01
6.274949466486154392e+01
1.701976519217620876e+01
1.878847195569345629e+01
1.894853930811562748e+01
1.326795506644922362e+01
4.929582038199458083e+01
2.732847208473805622e+01
5.105203005154817220e+01
2.849706971022625979e+01
2.743786888227810650e+01
3.287879031133098806e+01
5.409047411451604503e+00
4.489268861005020028e+01
2.193610582438801160e+01
1.124848104808495819e+01
4.866784133726759620e+01
5.800349088896397376e+01
5.173484346124021016e+01
1.148770323173678065e+01
5.900732956112221217e+01
1.419938269607827763e+01
3.596039365057407622e+01
1.904495729807386795e+01
3.466601836144927518e+01
1.772513433370430747e+01
1.681890632398749474e+01
1.623135067222953509e+01
2.261251000356491758e+01
1.755286867911243576e+01
3.869313805899101055e+01
5.938589136453463624e+01
5.159576313302017780e+01
7.499063809981367967e+01
4.046724432355928514e+01
6.054217278591475093e+01
5.129550616690936238e+01
9.978503693415461839e+00
2.870687086593568083e+01
3.967218601761558006e+01
2.837928395312886920e+01
4.403753458715542735e+01
8.604691946818569193e+01
2.507486009507292835e+01
7.881882813005762500e+01
3.151543001842524205e+01
2.139693375466410430e+01
6.820384073267202751e+00
8.878225519614741046e+00
5.675194987392978874e+01
4.143374676112329524e+01
3.429110688407912733e+01
3.377734427673043172e+01
2.257492164939358759e+01
5.216773677856998148e+01
3.434838386125172605e+01
1.558569340801588154e+01
9.475241084506849631e+01
6.309270933688933525e+01
8.670851874908618129e+01
6.081487739600326847e+01
2.271239734137206767e+01
5.286283318469208581e+01
9.482958858323266327e+01
1.030306668969839166e+02
1.008979624557573516e+02
2.944940942048003052e+01
1.864835402208897221e+02
8.174651722085485517e+01
4.258298531942042331e+01
5.298652010783237642e+01
1.475296234613511501e+02
6.814323577067317217e+01
6.965257308624970278e+01
1.935446057587075188e+02
9.209435849028480447e+01
9.918188819217544960e+01
4.677756663303571116e+01
8.758048721582316887e+01
5.122189260247046150e+01
6.048528507319475978e+01
1.175250476918478029e+02
5.859772671948381628e+01
1.363324680397121256e+02
9.086966257578949069e+01
5.837199781914478791e+01
5.238746367477560284e+01
8.535227455159936483e+01
8.323745931882395155e+01
2.872756285870000070e+01
1.659970966422910124e+02
6.035743255794221085e+01
2.476499193501149065e+01
4.058236429984658145e+01
3.421311724829263312e+01
5.696411756204224730e+01
8.332438772574133168e+01
6.232538548592202687e+01
7.149376140483244058e+01
8.769251420309463185e+01
8.585961292672537581e+01
1.004935187323355592e+02
3.316278119056141094e+01
8.401104310965700961e+01
1.282717212945118774e+02
9.996537165143126913e+01
1.152593398621642535e+02
7.336840644245221199e+01
1.452312327422397118e+02
1.553328062626834196e+02
1.068840303483307395e+02
1.363072417000447842e+02
1.737112065313120581e+02
1.212286434842497584e+02
1.282650320177206709e+02
1.975641254099223829e+02
5.349914238333697369e+01
1.896517406340409764e+02
1.966502552963719666e+02
2.240799010599595249e+02
2.177712553271132663e+02
1.548042444520068557e+02
5.471251122544348533e+01
1.016515756823356753e+02
9.709354196420034100e+01
5.856190187609547593e+01
7.305701173730341225e+01
6.814355656773446412e+01
8.391391985562249545e+01
6.624389657113239593e+01
2.321874559278517154e+02
2.473686365834612957e+02
2.623595645052597547e+02
3.229912090658215220e+02
2.784823658480745507e+02
1.420541231788515404e+02
2.125849301252176531e+02
1.499923250456641597e+02
1.332212154651329001e+02
9.428793629046647595e+01
2.473871570930149346e+02
3.729411255676570818e+02
2.759413880676779058e+02
3.100769580754686103e+02
1.754211751322521593e+02
2.741655314789834961e+02
4.825005979616282161e+02
5.909833162337365593e+02
4.408249532968748099e+02
1.554339842610308153e+02
5.238575338938055665e+02
2.676280082477406950e+02
5.871923702554239526e+02
5.457781361622106715e+02
2.444948477360881043e+03
2.986268455975152847e+02
1.332322895815769016e+03
