1.879772949218750000e+01
1.882055664062500000e+01
1.883618164062500000e+01
1.885876464843750000e+01
1.891973876953125000e+01
1.917456054687500000e+01
1.945989990234375000e+01
1.959527587890625000e+01
1.934381103515625000e+01
1.897100830078125000e+01
1.841577148437500000e+01
1.817236328125000000e+01
1.786444091796875000e+01
1.814575195312500000e+01
1.807385253906250000e+01
1.824926757812500000e+01
1.800714111328125000e+01
1.763134765625000000e+01
1.715856933593750000e+01
1.743237304687500000e+01
1.710150146484375000e+01
1.655480957031250000e+01
1.390673828125000000e+01
1.238629150390625000e+01
1.172998046875000000e+01
1.194122314453125000e+01
1.205871582031250000e+01
1.226513671875000000e+01
1.180786132812500000e+01
1.226593017578125000e+01
1.317590332031250000e+01
1.380657958984375000e+01
1.432849121093750000e+01
1.504528808593750000e+01
1.502972412109375000e+01
1.555639648437500000e+01
1.628479003906250000e+01
1.747930908203125000e+01
1.835076904296875000e+01
1.931896972656250000e+01
1.975500488281250000e+01
2.113464355468750000e+01
2.269433593750000000e+01
2.462792968750000000e+01
2.565368652343750000e+01
2.570178222656250000e+01
2.583172607421875000e+01
2.723229980468750000e+01
2.799450683593750000e+01
2.944525146484375000e+01
2.939916992187500000e+01
2.910552978515625000e+01
2.849291992187500000e+01
2.846044921875000000e+01
2.723919677734375000e+01
2.675115966796875000e+01
2.616351318359375000e+01
2.519610595703125000e+01
2.404760742187500000e+01
2.284838867187500000e+01
2.271862792968750000e+01
2.174261474609375000e+01
1.954486083984375000e+01
1.935101318359375000e+01
1.904876708984375000e+01
1.897515869140625000e+01
1.871691894531250000e+01
1.938818359375000000e+01
2.011419677734375000e+01
2.067248535156250000e+01
2.105273437500000000e+01
2.130871582031250000e+01
2.150848388671875000e+01
2.199383544921875000e+01
2.159350585937500000e+01
2.150671386718750000e+01
2.127337646484375000e+01
2.067761230468750000e+01
2.014080810546875000e+01
1.975415039062500000e+01
1.955969238281250000e+01
1.953442382812500000e+01
1.793719482421875000e+01
1.714831542968750000e+01
1.718640136718750000e+01
1.744207763671875000e+01
1.708471679687500000e+01
1.673956298828125000e+01
1.673028564453125000e+01
1.695904541015625000e+01
1.696057128906250000e+01
1.687927246093750000e+01
1.681744384765625000e+01
1.660229492187500000e+01
1.657061767578125000e+01
1.683715820312500000e+01
1.763226318359375000e+01
1.804815673828125000e+01
1.829083251953125000e+01
1.847869873046875000e+01
1.836596679687500000e+01
1.839318847656250000e+01
1.849121093750000000e+01
1.860058593750000000e+01
1.848724365234375000e+01
1.863940429687500000e+01
1.856713867187500000e+01
1.858709716796875000e+01
1.838128662109375000e+01
1.778558349609375000e+01
1.648242187500000000e+01
1.541461181640625000e+01
1.482873535156250000e+01
1.488806152343750000e+01
1.536212158203125000e+01
1.563195800781250000e+01
1.559118652343750000e+01
1.597070312500000000e+01
1.638555908203125000e+01
1.643377685546875000e+01
1.651690673828125000e+01
1.624346923828125000e+01
1.617065429687500000e+01
1.584075927734375000e+01
1.582275390625000000e+01
1.612829589843750000e+01
1.651525878906250000e+01
1.666223144531250000e+01
1.688446044921875000e+01
1.697839355468750000e+01
1.722070312500000000e+01
1.787976074218750000e+01
1.847430419921875000e+01
1.875549316406250000e+01
2.001885986328125000e+01
2.186444091796875000e+01
2.352612304687500000e+01
2.533593750000000000e+01
2.830151367187500000e+01
2.909020996093750000e+01
2.852423095703125000e+01
2.815454101562500000e+01
2.767126464843750000e+01
2.702691650390625000e+01
2.675183105468750000e+01
2.653179931640625000e+01
2.678942871093750000e+01
2.693060302734375000e+01
2.700341796875000000e+01
2.673236083984375000e+01
2.691076660156250000e+01
2.689062500000000000e+01
2.695214843750000000e+01
2.679437255859375000e+01
2.657818603515625000e+01
2.619689941406250000e+01
2.639099121093750000e+01
2.662030029296875000e+01
2.696795654296875000e+01
2.728503417968750000e+01
2.797650146484375000e+01
2.782830810546875000e+01
2.794122314453125000e+01
2.737658691406250000e+01
2.757159423828125000e+01
2.780432128906250000e+01
2.779821777343750000e+01
2.731304931640625000e+01
2.728717041015625000e+01
2.574645996093750000e+01
2.561035156250000000e+01
2.505902099609375000e+01
2.496728515625000000e+01
2.422900390625000000e+01
2.494128417968750000e+01
2.542132568359375000e+01
2.632733154296875000e+01
2.639263916015625000e+01
2.640472412109375000e+01
2.667181396484375000e+01
2.739306640625000000e+01
2.768353271484375000e+01
2.767163085937500000e+01
2.745025634765625000e+01
2.739843750000000000e+01
2.742163085937500000e+01
2.763446044921875000e+01
2.827276611328125000e+01
2.924169921875000000e+01
2.967181396484375000e+01
3.038177490234375000e+01
3.058398437500000000e+01
3.072778320312500000e+01
3.089538574218750000e+01
3.159832763671875000e+01
3.241186523437500000e+01
3.276757812500000000e+01
3.166925048828125000e+01
3.076586914062500000e+01
3.080981445312500000e+01
3.113525390625000000e+01
3.168115234375000000e+01
3.283911132812500000e+01
3.276483154296875000e+01
3.274371337890625000e+01
3.193121337890625000e+01
3.172027587890625000e+01
3.179266357421875000e+01
3.194342041015625000e+01
3.199688720703125000e+01
3.189813232421875000e+01
3.151574707031250000e+01
3.113049316406250000e+01
3.094085693359375000e+01
3.069079589843750000e+01
3.062158203125000000e+01
3.076544189453125000e+01
3.088702392578125000e+01
3.069659423828125000e+01
3.064324951171875000e+01
3.061187744140625000e+01
3.097515869140625000e+01
3.122344970703125000e+01
3.136932373046875000e+01
3.142956542968750000e+01
3.094879150390625000e+01
3.007940673828125000e+01
2.906713867187500000e+01
2.880847167968750000e+01
2.839898681640625000e+01
2.818896484375000000e+01
2.826745605468750000e+01
2.908288574218750000e+01
2.933612060546875000e+01
2.976336669921875000e+01
3.013842773437500000e+01
3.056207275390625000e+01
3.039367675781250000e+01
2.941375732421875000e+01
2.940441894531250000e+01
2.957360839843750000e+01
2.937542724609375000e+01
2.943884277343750000e+01
2.908215332031250000e+01
2.919329833984375000e+01
2.904492187500000000e+01
2.845843505859375000e+01
2.809277343750000000e+01
2.794403076171875000e+01
2.804882812500000000e+01
2.807788085937500000e+01
2.836816406250000000e+01
2.893762207031250000e+01
2.942877197265625000e+01
2.949700927734375000e+01
2.935253906250000000e+01
2.885998535156250000e+01
2.781787109375000000e+01
2.733618164062500000e+01
2.731884765625000000e+01
2.722088623046875000e+01
2.780645751953125000e+01
2.838409423828125000e+01
2.893524169921875000e+01
2.951263427734375000e+01
3.000439453125000000e+01
3.004492187500000000e+01
2.999328613281250000e+01
3.028063964843750000e+01
3.057568359375000000e+01
3.086041259765625000e+01
3.141455078125000000e+01
3.093084716796875000e+01
3.100622558593750000e+01
3.086791992187500000e+01
3.109436035156250000e+01
3.094226074218750000e+01
3.070263671875000000e+01
3.128021240234375000e+01
3.147137451171875000e+01
3.156103515625000000e+01
3.191577148437500000e+01
3.212377929687500000e+01
3.271240234375000000e+01
3.319573974609375000e+01
3.351562500000000000e+01
3.295507812500000000e+01
3.233465576171875000e+01
3.131469726562500000e+01
3.150189208984375000e+01
3.136877441406250000e+01
3.147271728515625000e+01
3.143731689453125000e+01
3.179455566406250000e+01
3.145898437500000000e+01
3.227032470703125000e+01
3.230462646484375000e+01
3.213598632812500000e+01
3.178833007812500000e+01
3.201562500000000000e+01
3.218597412109375000e+01
3.220117187500000000e+01
3.215130615234375000e+01
3.250299072265625000e+01
3.271704101562500000e+01
3.296545410156250000e+01
3.267614746093750000e+01
3.276861572265625000e+01
3.234649658203125000e+01
3.228363037109375000e+01
3.226617431640625000e+01
3.250384521484375000e+01
3.230474853515625000e+01
3.235125732421875000e+01
3.191259765625000000e+01
3.144836425781250000e+01
3.030798339843750000e+01
3.039007568359375000e+01
2.985437011718750000e+01
2.967309570312500000e+01
2.961578369140625000e+01
2.951678466796875000e+01
2.948175048828125000e+01
2.976672363281250000e+01
2.984020996093750000e+01
3.006408691406250000e+01
2.967388916015625000e+01
2.942486572265625000e+01
2.924176025390625000e+01
2.932495117187500000e+01
2.949609375000000000e+01
3.008703613281250000e+01
2.929547119140625000e+01
2.945086669921875000e+01
2.979467773437500000e+01
3.093493652343750000e+01
3.181677246093750000e+01
3.209826660156250000e+01
3.191088867187500000e+01
3.119488525390625000e+01
2.963555908203125000e+01
2.903320312500000000e+01
2.814752197265625000e+01
2.533990478515625000e+01
2.583001708984375000e+01
2.591308593750000000e+01
2.600622558593750000e+01
2.674810791015625000e+01
2.779595947265625000e+01
2.825128173828125000e+01
2.844195556640625000e+01
2.857513427734375000e+01
2.765295410156250000e+01
2.694598388671875000e+01
2.647906494140625000e+01
2.659075927734375000e+01
2.633270263671875000e+01
2.613165283203125000e+01
2.640136718750000000e+01
2.637493896484375000e+01
2.672369384765625000e+01
2.655358886718750000e+01
2.645062255859375000e+01
2.625982666015625000e+01
2.626647949218750000e+01
2.602075195312500000e+01
2.593688964843750000e+01
2.577209472656250000e+01
2.567541503906250000e+01
2.544970703125000000e+01
2.542700195312500000e+01
2.529223632812500000e+01
2.544824218750000000e+01
2.537011718750000000e+01
2.540167236328125000e+01
2.558001708984375000e+01
2.573193359375000000e+01
2.533001708984375000e+01
2.476904296875000000e+01
2.425994873046875000e+01
2.455145263671875000e+01
2.500006103515625000e+01
2.536309814453125000e+01
2.539001464843750000e+01
2.552905273437500000e+01
2.540515136718750000e+01
2.545245361328125000e+01
2.561743164062500000e+01
2.597393798828125000e+01
2.565161132812500000e+01
2.552410888671875000e+01
2.539581298828125000e+01
2.566674804687500000e+01
2.612750244140625000e+01
2.603186035156250000e+01
2.592254638671875000e+01
2.541217041015625000e+01
2.551739501953125000e+01
2.546447753906250000e+01
2.531768798828125000e+01
2.543829345703125000e+01
2.556719970703125000e+01
2.560449218750000000e+01
2.520898437500000000e+01
2.549090576171875000e+01
2.562774658203125000e+01
2.633886718750000000e+01
2.655462646484375000e+01
2.646008300781250000e+01
2.487371826171875000e+01
2.471325683593750000e+01
2.436346435546875000e+01
2.438696289062500000e+01
2.462738037109375000e+01
2.512756347656250000e+01
2.459020996093750000e+01
2.446777343750000000e+01
2.448675537109375000e+01
2.439361572265625000e+01
2.377239990234375000e+01
2.467321777343750000e+01
2.417773437500000000e+01
2.504711914062500000e+01
2.514135742187500000e+01
2.533099365234375000e+01
2.473352050781250000e+01
2.504101562500000000e+01
2.479254150390625000e+01
2.550158691406250000e+01
2.562658691406250000e+01
2.579473876953125000e+01
2.581402587890625000e+01
2.580413818359375000e+01
2.519348144531250000e+01
2.544683837890625000e+01
2.526672363281250000e+01
2.520184326171875000e+01
2.499200439453125000e+01
2.461627197265625000e+01
2.371630859375000000e+01
2.315026855468750000e+01
2.287768554687500000e+01
2.350335693359375000e+01
2.378936767578125000e+01
2.384405517578125000e+01
2.411138916015625000e+01
2.433422851562500000e+01
2.443933105468750000e+01
2.502972412109375000e+01
2.507250976562500000e+01
2.502313232421875000e+01
2.475408935546875000e+01
2.590057373046875000e+01
2.600646972656250000e+01
2.616918945312500000e+01
2.617474365234375000e+01
2.656072998046875000e+01
2.660540771484375000e+01
2.626391601562500000e+01
2.644616699218750000e+01
2.652380371093750000e+01
2.631048583984375000e+01
2.625634765625000000e+01
2.587054443359375000e+01
2.555963134765625000e+01
2.447302246093750000e+01
2.431658935546875000e+01
2.402545166015625000e+01
2.341815185546875000e+01
2.280413818359375000e+01
2.239916992187500000e+01
2.261431884765625000e+01
2.301617431640625000e+01
2.330957031250000000e+01
2.353778076171875000e+01
2.357159423828125000e+01
2.319427490234375000e+01
2.330175781250000000e+01
2.330584716796875000e+01
2.329467773437500000e+01
2.311114501953125000e+01
2.312078857421875000e+01
2.368298339843750000e+01
2.348895263671875000e+01
2.329028320312500000e+01
2.295275878906250000e+01
2.318408203125000000e+01
2.359210205078125000e+01
2.384906005859375000e+01
2.373931884765625000e+01
2.396075439453125000e+01
2.448248291015625000e+01
2.441668701171875000e+01
2.421490478515625000e+01
2.405786132812500000e+01
2.346136474609375000e+01
2.286895751953125000e+01
2.306719970703125000e+01
2.291485595703125000e+01
2.318975830078125000e+01
2.335607910156250000e+01
2.353948974609375000e+01
2.354815673828125000e+01
2.380743408203125000e+01
2.366021728515625000e+01
2.366973876953125000e+01
2.368560791015625000e+01
2.415447998046875000e+01
2.404974365234375000e+01
2.406079101562500000e+01
2.422143554687500000e+01
2.425360107421875000e+01
2.436291503906250000e+01
2.425415039062500000e+01
2.416387939453125000e+01
2.402923583984375000e+01
2.372363281250000000e+01
2.437890625000000000e+01
2.449395751953125000e+01
2.456567382812500000e+01
2.347924804687500000e+01
2.280261230468750000e+01
2.257165527343750000e+01
2.286273193359375000e+01
2.299816894531250000e+01
2.336560058593750000e+01
2.354559326171875000e+01
2.403320312500000000e+01
2.429693603515625000e+01
2.430847167968750000e+01
2.396520996093750000e+01
2.369970703125000000e+01
2.347814941406250000e+01
2.340734863281250000e+01
2.322540283203125000e+01
2.273712158203125000e+01
2.274542236328125000e+01
2.259143066406250000e+01
2.228784179687500000e+01
2.254034423828125000e+01
2.251348876953125000e+01
2.274871826171875000e+01
2.283630371093750000e+01
2.324822998046875000e+01
2.316418457031250000e+01
2.274017333984375000e+01
2.205651855468750000e+01
2.189697265625000000e+01
2.199462890625000000e+01
2.198321533203125000e+01
2.204803466796875000e+01
2.247967529296875000e+01
2.250421142578125000e+01
2.281866455078125000e+01
2.292004394531250000e+01
2.287786865234375000e+01
2.264654541015625000e+01
2.234606933593750000e+01
2.245349121093750000e+01
2.314941406250000000e+01
2.312280273437500000e+01
2.326959228515625000e+01
2.335101318359375000e+01
2.347546386718750000e+01
2.343579101562500000e+01
2.335839843750000000e+01
2.336669921875000000e+01
2.325897216796875000e+01
2.338525390625000000e+01
2.323614501953125000e+01
2.288665771484375000e+01
2.156610107421875000e+01
2.119183349609375000e+01
2.106549072265625000e+01
2.112518310546875000e+01
2.161584472656250000e+01
2.167889404296875000e+01
2.196826171875000000e+01
2.246203613281250000e+01
2.321368408203125000e+01
2.322106933593750000e+01
2.328582763671875000e+01
2.334185791015625000e+01
2.340051269531250000e+01
2.326251220703125000e+01
2.287780761718750000e+01
2.219567871093750000e+01
2.213562011718750000e+01
2.152673339843750000e+01
2.182794189453125000e+01
2.185693359375000000e+01
2.159924316406250000e+01
2.051635742187500000e+01
2.043310546875000000e+01
2.089880371093750000e+01
2.109899902343750000e+01
2.076495361328125000e+01
1.997521972656250000e+01
1.940417480468750000e+01
1.962506103515625000e+01
2.053503417968750000e+01
2.187829589843750000e+01
2.263989257812500000e+01
2.298419189453125000e+01
2.288385009765625000e+01
2.347601318359375000e+01
2.431109619140625000e+01
2.347503662109375000e+01
2.194232177734375000e+01
2.187512207031250000e+01
2.277868652343750000e+01
2.352172851562500000e+01
2.415832519531250000e+01
2.519042968750000000e+01
2.657592773437500000e+01
2.698858642578125000e+01
2.718676757812500000e+01
2.709655761718750000e+01
2.661901855468750000e+01
2.614245605468750000e+01
2.656109619140625000e+01
2.636334228515625000e+01
2.506188964843750000e+01
2.310705566406250000e+01
2.284265136718750000e+01
2.333679199218750000e+01
2.423852539062500000e+01
2.634442138671875000e+01
2.765972900390625000e+01
2.814770507812500000e+01
2.860894775390625000e+01
2.881713867187500000e+01
2.857366943359375000e+01
2.790777587890625000e+01
2.759576416015625000e+01
2.720104980468750000e+01
2.709692382812500000e+01
2.661376953125000000e+01
2.587597656250000000e+01
2.598413085937500000e+01
2.583435058593750000e+01
2.538079833984375000e+01
2.624334716796875000e+01
2.656445312500000000e+01
2.711853027343750000e+01
2.727508544921875000e+01
2.723870849609375000e+01
2.719073486328125000e+01
2.727911376953125000e+01
2.652203369140625000e+01
2.626818847656250000e+01
2.627227783203125000e+01
2.646746826171875000e+01
2.691143798828125000e+01
2.764465332031250000e+01
2.794311523437500000e+01
2.821319580078125000e+01
2.811730957031250000e+01
2.806597900390625000e+01
2.802624511718750000e+01
2.811962890625000000e+01
2.801000976562500000e+01
2.807824707031250000e+01
2.758074951171875000e+01
2.740155029296875000e+01
2.714715576171875000e+01
2.698321533203125000e+01
2.654772949218750000e+01
2.676000976562500000e+01
2.672418212890625000e+01
2.694464111328125000e+01
2.684399414062500000e+01
2.738208007812500000e+01
2.759643554687500000e+01
2.744763183593750000e+01
2.679443359375000000e+01
2.669476318359375000e+01
2.654205322265625000e+01
2.669427490234375000e+01
2.675469970703125000e+01
2.703167724609375000e+01
2.680572509765625000e+01
2.677203369140625000e+01
2.639898681640625000e+01
2.649981689453125000e+01
2.590289306640625000e+01
2.570300292968750000e+01
2.524499511718750000e+01
2.554241943359375000e+01
2.567742919921875000e+01
2.609686279296875000e+01
2.602197265625000000e+01
2.585571289062500000e+01
2.571124267578125000e+01
2.604644775390625000e+01
2.588299560546875000e+01
2.599035644531250000e+01
2.605969238281250000e+01
2.664965820312500000e+01
2.631195068359375000e+01
2.601977539062500000e+01
2.593914794921875000e+01
2.549456787109375000e+01
2.426330566406250000e+01
2.406567382812500000e+01
2.419378662109375000e+01
2.505682373046875000e+01
2.553479003906250000e+01
2.599652099609375000e+01
2.660247802734375000e+01
2.778137207031250000e+01
2.805847167968750000e+01
2.757434082031250000e+01
2.736285400390625000e+01
2.730401611328125000e+01
2.695245361328125000e+01
2.679693603515625000e+01
2.636914062500000000e+01
2.602398681640625000e+01
2.503015136718750000e+01
2.452526855468750000e+01
2.402301025390625000e+01
2.436578369140625000e+01
2.474456787109375000e+01
2.493188476562500000e+01
2.484649658203125000e+01
2.478790283203125000e+01
2.520574951171875000e+01
2.507220458984375000e+01
2.485284423828125000e+01
2.487268066406250000e+01
2.485083007812500000e+01
2.500555419921875000e+01
2.546527099609375000e+01
2.604913330078125000e+01
2.643798828125000000e+01
2.669537353515625000e+01
2.629138183593750000e+01
2.585754394531250000e+01
2.589404296875000000e+01
2.624114990234375000e+01
2.630700683593750000e+01
2.609326171875000000e+01
2.598077392578125000e+01
2.669091796875000000e+01
2.726666259765625000e+01
2.689794921875000000e+01
2.606079101562500000e+01
2.577020263671875000e+01
2.548577880859375000e+01
2.482409667968750000e+01
2.403503417968750000e+01
2.373522949218750000e+01
2.294836425781250000e+01
2.220800781250000000e+01
2.222338867187500000e+01
2.274676513671875000e+01
2.293420410156250000e+01
2.283117675781250000e+01
2.312414550781250000e+01
2.323266601562500000e+01
2.310040283203125000e+01
2.230297851562500000e+01
2.202191162109375000e+01
2.157537841796875000e+01
2.134869384765625000e+01
2.083776855468750000e+01
2.086645507812500000e+01
2.074517822265625000e+01
2.028747558593750000e+01
1.932073974609375000e+01
1.947155761718750000e+01
2.083538818359375000e+01
2.127117919921875000e+01
2.166003417968750000e+01
2.140948486328125000e+01
2.001153564453125000e+01
1.957458496093750000e+01
1.943316650390625000e+01
1.990826416015625000e+01
2.003741455078125000e+01
2.053973388671875000e+01
2.061688232421875000e+01
2.101409912109375000e+01
2.151214599609375000e+01
2.232836914062500000e+01
2.221545410156250000e+01
2.189611816406250000e+01
2.209161376953125000e+01
2.206579589843750000e+01
2.209808349609375000e+01
2.207226562500000000e+01
2.216754150390625000e+01
2.244934082031250000e+01
2.285437011718750000e+01
2.290795898437500000e+01
2.267291259765625000e+01
2.257153320312500000e+01
2.240722656250000000e+01
2.251629638671875000e+01
2.253448486328125000e+01
2.168493652343750000e+01
2.083807373046875000e+01
2.107934570312500000e+01
2.076690673828125000e+01
2.090393066406250000e+01
2.098229980468750000e+01
2.183404541015625000e+01
2.165576171875000000e+01
2.198022460937500000e+01
2.203668212890625000e+01
2.179284667968750000e+01
2.144714355468750000e+01
2.184674072265625000e+01
2.174627685546875000e+01
2.198443603515625000e+01
2.224060058593750000e+01
2.293084716796875000e+01
2.284039306640625000e+01
2.328411865234375000e+01
2.331542968750000000e+01
2.333282470703125000e+01
2.238488769531250000e+01
2.189898681640625000e+01
2.169525146484375000e+01
2.203808593750000000e+01
2.194616699218750000e+01
2.192022705078125000e+01
2.065216064453125000e+01
1.954638671875000000e+01
1.920440673828125000e+01
1.974420166015625000e+01
2.005163574218750000e+01
2.057470703125000000e+01
2.049279785156250000e+01
2.055163574218750000e+01
2.052282714843750000e+01
2.069812011718750000e+01
2.038946533203125000e+01
2.038555908203125000e+01
2.024847412109375000e+01
2.023669433593750000e+01
1.976928710937500000e+01
1.938818359375000000e+01
1.965802001953125000e+01
2.086755371093750000e+01
2.168225097656250000e+01
2.185076904296875000e+01
2.163470458984375000e+01
2.169067382812500000e+01
2.214465332031250000e+01
2.305041503906250000e+01
2.288879394531250000e+01
2.326586914062500000e+01
2.343542480468750000e+01
2.288983154296875000e+01
2.230938720703125000e+01
2.286279296875000000e+01
2.305584716796875000e+01
2.286322021484375000e+01
2.158874511718750000e+01
1.984881591796875000e+01
1.839910888671875000e+01
1.751544189453125000e+01
1.773541259765625000e+01
1.832714843750000000e+01
1.854705810546875000e+01
1.899902343750000000e+01
1.945178222656250000e+01
2.000238037109375000e+01
2.030883789062500000e+01
2.055145263671875000e+01
2.024902343750000000e+01
2.000115966796875000e+01
2.013421630859375000e+01
1.998492431640625000e+01
2.020062255859375000e+01
2.019738769531250000e+01
2.051385498046875000e+01
2.069213867187500000e+01
2.062103271484375000e+01
2.053204345703125000e+01
2.074725341796875000e+01
2.105535888671875000e+01
2.089440917968750000e+01
2.063836669921875000e+01
2.092810058593750000e+01
2.118334960937500000e+01
2.141662597656250000e+01
2.163635253906250000e+01
2.102368164062500000e+01
1.961578369140625000e+01
1.844903564453125000e+01
1.765112304687500000e+01
1.736621093750000000e+01
1.760705566406250000e+01
1.845520019531250000e+01
1.917572021484375000e+01
1.974481201171875000e+01
1.994427490234375000e+01
2.022778320312500000e+01
2.052923583984375000e+01
2.073852539062500000e+01
2.073553466796875000e+01
2.089001464843750000e+01
2.077160644531250000e+01
2.077349853515625000e+01
2.031109619140625000e+01
1.997875976562500000e+01
1.961651611328125000e+01
2.006036376953125000e+01
1.951000976562500000e+01
1.885296630859375000e+01
1.869158935546875000e+01
1.895538330078125000e+01
1.861663818359375000e+01
1.865515136718750000e+01
1.898272705078125000e+01
1.943170166015625000e+01
1.927813720703125000e+01
1.892388916015625000e+01
1.773223876953125000e+01
1.686773681640625000e+01
1.626507568359375000e+01
1.699432373046875000e+01
1.770733642578125000e+01
1.834063720703125000e+01
1.832531738281250000e+01
1.806610107421875000e+01
1.836395263671875000e+01
1.913592529296875000e+01
1.875225830078125000e+01
1.872772216796875000e+01
1.842700195312500000e+01
1.874859619140625000e+01
1.838220214843750000e+01
1.837854003906250000e+01
1.862200927734375000e+01
1.883300781250000000e+01
1.879803466796875000e+01
1.923602294921875000e+01
1.946752929687500000e+01
1.971008300781250000e+01
1.964038085937500000e+01
1.977593994140625000e+01
1.949493408203125000e+01
1.994909667968750000e+01
1.985406494140625000e+01
2.025988769531250000e+01
1.993786621093750000e+01
1.875207519531250000e+01
1.762951660156250000e+01
1.773486328125000000e+01
1.794287109375000000e+01
1.821002197265625000e+01
1.840075683593750000e+01
1.873394775390625000e+01
1.877557373046875000e+01
1.942840576171875000e+01
2.024121093750000000e+01
2.067059326171875000e+01
2.049444580078125000e+01
2.054003906250000000e+01
2.071234130859375000e+01
2.089593505859375000e+01
2.138671875000000000e+01
2.171527099609375000e+01
2.200878906250000000e+01
2.189678955078125000e+01
2.166699218750000000e+01
2.172918701171875000e+01
2.208093261718750000e+01
2.241528320312500000e+01
2.230871582031250000e+01
2.243847656250000000e+01
2.260192871093750000e+01
2.354693603515625000e+01
2.461309814453125000e+01
2.495971679687500000e+01
2.469549560546875000e+01
2.343109130859375000e+01
2.236828613281250000e+01
2.200866699218750000e+01
2.213177490234375000e+01
2.239257812500000000e+01
2.268817138671875000e+01
2.296862792968750000e+01
2.293511962890625000e+01
2.306628417968750000e+01
2.312915039062500000e+01
2.341467285156250000e+01
2.340643310546875000e+01
2.343054199218750000e+01
2.336956787109375000e+01
2.302282714843750000e+01
2.335852050781250000e+01
2.322216796875000000e+01
2.327429199218750000e+01
2.332348632812500000e+01
2.345019531250000000e+01
2.334686279296875000e+01
2.350988769531250000e+01
2.348150634765625000e+01
2.353845214843750000e+01
2.317376708984375000e+01
2.359667968750000000e+01
2.370397949218750000e+01
2.406433105468750000e+01
2.407794189453125000e+01
2.304449462890625000e+01
2.231542968750000000e+01
2.266900634765625000e+01
2.345495605468750000e+01
2.412164306640625000e+01
2.441638183593750000e+01
2.481262207031250000e+01
2.519647216796875000e+01
2.544610595703125000e+01
2.522711181640625000e+01
2.509442138671875000e+01
2.514666748046875000e+01
2.553814697265625000e+01
2.553259277343750000e+01
2.574157714843750000e+01
2.568176269531250000e+01
2.613183593750000000e+01
2.632421875000000000e+01
2.658654785156250000e+01
2.649725341796875000e+01
2.661138916015625000e+01
2.649847412109375000e+01
2.670983886718750000e+01
2.688397216796875000e+01
2.726269531250000000e+01
2.726776123046875000e+01
2.749224853515625000e+01
2.729895019531250000e+01
2.635577392578125000e+01
2.520507812500000000e+01
2.497106933593750000e+01
2.475158691406250000e+01
2.545544433593750000e+01
2.573223876953125000e+01
2.629132080078125000e+01
2.644555664062500000e+01
2.689971923828125000e+01
2.711053466796875000e+01
2.726818847656250000e+01
2.720141601562500000e+01
2.686389160156250000e+01
2.541778564453125000e+01
2.525732421875000000e+01
2.488635253906250000e+01
2.500256347656250000e+01
2.455383300781250000e+01
2.447247314453125000e+01
2.493426513671875000e+01
2.606317138671875000e+01
2.680957031250000000e+01
2.735943603515625000e+01
2.729742431640625000e+01
2.761273193359375000e+01
2.752923583984375000e+01
2.769787597656250000e+01
2.679864501953125000e+01
2.595013427734375000e+01
2.448956298828125000e+01
2.377673339843750000e+01
2.324035644531250000e+01
2.398919677734375000e+01
2.447180175781250000e+01
2.455999755859375000e+01
2.417175292968750000e+01
2.429162597656250000e+01
2.424597167968750000e+01
2.428076171875000000e+01
2.423663330078125000e+01
2.403875732421875000e+01
2.424346923828125000e+01
2.438873291015625000e+01
2.418695068359375000e+01
2.485046386718750000e+01
2.550646972656250000e+01
2.579699707031250000e+01
2.589575195312500000e+01
2.673901367187500000e+01
2.720611572265625000e+01
2.725805664062500000e+01
2.703125000000000000e+01
2.701550292968750000e+01
2.677069091796875000e+01
2.735656738281250000e+01
2.729522705078125000e+01
2.649615478515625000e+01
2.489538574218750000e+01
2.412860107421875000e+01
2.388824462890625000e+01
2.414642333984375000e+01
2.498339843750000000e+01
2.531048583984375000e+01
2.573742675781250000e+01
2.604870605468750000e+01
2.674871826171875000e+01
2.740710449218750000e+01
2.758471679687500000e+01
2.761291503906250000e+01
2.751654052734375000e+01
2.748937988281250000e+01
2.750500488281250000e+01
2.773919677734375000e+01
2.817449951171875000e+01
2.866601562500000000e+01
2.921923828125000000e+01
2.907043457031250000e+01
2.921441650390625000e+01
2.898675537109375000e+01
2.907513427734375000e+01
2.938818359375000000e+01
2.998895263671875000e+01
3.027996826171875000e+01
3.043237304687500000e+01
3.054638671875000000e+01
2.989428710937500000e+01
2.799951171875000000e+01
2.704016113281250000e+01
2.697131347656250000e+01
2.743463134765625000e+01
2.763262939453125000e+01
2.822180175781250000e+01
2.847918701171875000e+01
2.864324951171875000e+01
2.830871582031250000e+01
2.816387939453125000e+01
2.784344482421875000e+01
2.803210449218750000e+01
2.826226806640625000e+01
2.887994384765625000e+01
2.901647949218750000e+01
2.925567626953125000e+01
2.903198242187500000e+01
2.937591552734375000e+01
2.932409667968750000e+01
2.967303466796875000e+01
2.992871093750000000e+01
3.022595214843750000e+01
3.008325195312500000e+01
3.021630859375000000e+01
2.996325683593750000e+01
2.998101806640625000e+01
2.964837646484375000e+01
2.977679443359375000e+01
3.005847167968750000e+01
3.028405761718750000e+01
2.861322021484375000e+01
2.769305419921875000e+01
2.717590332031250000e+01
2.755883789062500000e+01
2.792242431640625000e+01
2.847058105468750000e+01
2.873132324218750000e+01
2.876483154296875000e+01
2.897650146484375000e+01
2.907647705078125000e+01
2.884515380859375000e+01
2.850634765625000000e+01
2.787689208984375000e+01
2.770379638671875000e+01
2.714782714843750000e+01
2.701971435546875000e+01
2.680566406250000000e+01
2.688293457031250000e+01
2.681848144531250000e+01
2.684149169921875000e+01
2.696203613281250000e+01
2.720422363281250000e+01
2.716009521484375000e+01
2.800048828125000000e+01
2.765057373046875000e+01
2.789331054687500000e+01
2.791583251953125000e+01
2.833984375000000000e+01
2.847595214843750000e+01
2.800006103515625000e+01
2.681890869140625000e+01
2.635754394531250000e+01
2.569226074218750000e+01
2.546075439453125000e+01
2.556701660156250000e+01
2.596972656250000000e+01
2.601824951171875000e+01
2.598132324218750000e+01
2.620812988281250000e+01
2.651538085937500000e+01
2.649218750000000000e+01
2.662078857421875000e+01
2.633007812500000000e+01
2.613763427734375000e+01
2.597467041015625000e+01
