2.933490612792968750e+04
1.383498004051213002e+03
4.935875924697911046e+02
2.312290030378317169e+03
7.454113344860242023e+02
6.211718325638578335e+02
5.822305490631256930e+01
5.179194810672556741e+02
1.383324020219586146e+02
5.017916916106836993e+02
6.466569176708017039e+02
4.710870127080170278e+02
2.838625128660860355e+02
2.998282566448854141e+02
4.183789382803263948e+02
3.566216142414806427e+02
4.954655153530929965e+02
2.949368332255342011e+02
1.578580000877081773e+02
8.688404823869831262e+01
1.670922959336924976e+02
3.084248339725425581e+02
2.230843705987843180e+02
3.140946673799961673e+02
3.218388911314661414e+02
2.441552637101776781e+02
2.671642562487003829e+02
2.173416921780689108e+02
7.508093483458377193e+01
5.726356936571003331e+01
9.759603988572793298e+01
9.096257997687898467e+01
5.501774917450092772e+01
8.259487928058612738e+01
6.563215249812824936e+01
3.675227221859204008e+01
1.686603958898265603e+02
2.221332468666329589e+02
2.268912557226373963e+02
1.747768666845662437e+02
2.702967691573974207e+02
8.159925419569670169e+01
2.167597698390425478e+02
1.551132329285007927e+02
5.682509654031831303e+01
1.535339194314881581e+02
1.411891345875511092e+02
1.257766879787598526e+02
9.848356810759089797e+01
1.250936705459334775e+02
5.846774117501686163e+01
6.971416606671263594e+01
9.441573772070906045e+01
6.518286713636499030e+01
7.114512421346726967e+01
4.296733387977711516e+01
1.100164696876969117e+02
1.133640028440361789e+02
1.073879207934811149e+02
8.099844550373669350e+00
5.577195245355149922e+01
4.683903541833357309e+01
4.301252341228212117e+01
5.971982005961300644e+01
5.784457014969024868e+01
5.751770611861697802e+01
1.064488129714603701e+02
1.425833105523633435e+02
4.099610919729630609e+01
5.146362524381196835e+01
9.869399311747737613e+01
3.575720742477365377e+01
4.801776371512815444e+01
7.650350877208758504e+01
9.482438405567120299e+01
8.221745673060434001e+01
1.012500083482264728e+02
9.512181249548279993e+01
5.349261336024061109e+01
5.728321144681385846e+01
7.649496892191226038e+01
6.812476428680575680e+01
5.139474414330794616e+01
1.656300395819939411e+02
1.167062555786352789e+02
5.878938707651322204e+01
1.025269040749207932e+02
1.352651309398069657e+01
6.931725612032257011e+00
3.768832324210308826e+01
1.106180015985054013e+02
6.107615057687597471e+01
9.324152235921845033e+01
6.987143175571046072e+01
9.824672629707878002e+01
3.044204802379946528e+01
7.290469820901142484e+00
2.841596065652512948e+01
7.064265406170210326e+01
9.999121339761113347e+01
7.436760309287457460e+01
1.765866332884769108e+01
4.579532794841977505e+01
3.729389988355001151e+01
7.988506205059119125e+00
4.137642079058745992e+01
4.424625259737075567e+01
2.651136794360273896e+01
6.993161661624851888e+01
4.094209249315476740e+01
3.690156993926979112e+01
3.390822520579526866e+01
4.533575046120452612e+01
5.916834329471811316e+01
2.132972221008498437e+01
6.203860759568770789e+01
3.927152649517280025e+01
6.838052167171072426e+01
3.665638423654072398e+01
3.859575204057490083e+01
3.399918646350382545e+01
4.764505082718647344e+01
2.329232490616795914e+01
5.956876827232802185e+01
7.312914912629047137e+01
3.133878089171669767e+00
6.928946658245156698e+01
2.972034281402039468e+01
3.293675761193576079e+01
3.010038066755243946e+01
5.665608245797765896e+00
1.457289752695190010e+01
1.874043729250241341e+01
4.519562711243089126e+01
1.018372835787094743e+01
1.664071769037715853e+01
2.568036837623463597e+01
3.980467780111082021e+01
1.284241844088152718e+01
3.572112689760538018e+01
5.775645720269285732e+01
3.430070933326694416e+01
2.631794787578341754e+01
2.275382719855559444e+01
2.180984504058948303e+01
1.785067256537891112e+01
3.028530803672499516e+01
1.119656114328104657e+01
2.985548904104634804e+00
2.993809463606137555e+01
3.482862825603684431e+00
3.081791351323277439e+01
2.070637493026010034e+01
1.326836856113736651e+01
1.065308389375513087e+01
1.042194015289646458e+01
3.874898161075460479e+01
1.920675843620229273e+01
3.371050083707046241e+01
3.998900695459955301e+01
2.604842171873299250e+01
3.789266599306240124e+01
1.848519416605835630e+01
3.114951183925021994e+01
6.608319509799501645e+01
2.993231574405554696e+01
3.060607026639328865e+01
1.648616512290310610e+01
8.901662957709145729e+00
1.249015667826821741e+01
2.992593835205960673e+01
2.849821880785149020e+01
1.997277694811229409e+01
6.130184693429713505e+00
3.213609284058347981e+01
2.291820860039922181e+01
1.049800407361139420e+01
2.152416729343375579e+01
5.955197364226569867e+00
7.117377722139548446e+00
2.226778563228413432e+01
4.203190237395714490e+01
1.810150634988697504e+01
7.970731970115816800e+00
1.801592051183085275e+01
1.343619741358352648e+01
3.424739780151580248e+01
3.022458558320543887e+01
3.133018944978030973e+01
1.178049839664593357e+01
1.844793372140511067e+01
1.606466417359475329e+01
4.762586133123605237e+00
2.604520325972093886e+01
4.907582268178956042e+00
2.737990723482749633e+00
1.971178044432290832e+01
2.032291826791569633e+01
9.455099164873933537e-01
2.177788991348930026e+01
3.567419945156761685e+01
2.752179799393081083e+01
1.369516867418253980e+01
2.729611504254148890e+00
3.696201675461480107e+01
2.584230633300472135e+01
9.951224725481401023e+00
2.745631376963758186e+01
3.059428674228916378e+01
2.046601006821364876e+01
2.144472979644721988e+01
2.605598054837838262e+01
1.878305026354906149e+00
2.217590536378456889e+01
7.864186380105767427e+00
2.082838755588568702e+01
1.623881807605851790e+01
3.870709908610274397e+01
2.326048959081957790e+01
1.218671406405029956e+01
1.120857315100617058e+01
1.991155399141001681e+01
7.825827429252595557e+00
1.609977749011562764e+01
6.135537525040215989e+00
1.454669407475491738e+01
7.763491335433439389e+00
1.004800995574170841e+01
2.236464879032003239e+01
1.615311651446468488e+01
2.067260793730474333e+01
1.464947477236782802e+01
1.018433910515086538e+01
1.407936626676866609e+01
1.744956947191870000e+01
2.869200081337426056e+01
1.498743254287123250e+01
1.629589453262559218e+01
2.182428601172838256e+01
1.392444825610831316e+01
4.770879473809823690e-01
1.228264907319459098e+01
2.854531969185381968e+01
1.031054379088292983e+01
1.251191665335758607e+01
3.496172727344752929e+00
4.206395274687402264e+00
1.396690734651633115e+01
1.925035429226536721e+01
3.963907210372280332e+00
9.794770115528836030e+00
9.938277354210878656e+00
1.474357589149103909e+01
3.466782834528649548e+00
1.616017501419890223e+01
6.243642369787859359e+00
1.602745865233402256e+01
1.294091452882202908e+01
7.033508418967695519e+00
8.462303323143922640e+00
1.356723446613641748e+01
1.303247347202032813e+01
1.331199221861158399e+01
8.038059306668607462e+00
4.730555255264260239e+00
8.261808036984900738e+00
1.466851807707077526e+01
9.022421945405667998e+00
8.021250534967991896e+00
1.415583146582846119e+01
6.277295453554310178e+00
6.210526051951485549e+00
1.239624702534892720e+01
1.866100086007683601e+01
1.451522908045131821e+01
4.777805548835690530e+00
1.155402869124221255e+01
2.895328266956710639e+00
1.973658314073437614e+00
1.933811637869390809e+00
6.038759590104523234e+00
4.324055576434571613e+00
3.722627082071746418e+00
1.955716349343712324e+01
5.544078427720092961e+00
4.940885644575936375e+00
1.250715567943838735e+01
1.259409712217507327e+01
9.295591485166745827e+00
1.380283976078801267e+01
1.075562870949758754e+01
2.082582375548220099e+01
1.900493141462111879e+01
1.582693626267745834e+01
7.006006495236134946e+00
5.929673415574322703e+00
3.041961488911000711e+00
1.036628965873557107e+01
2.393966222498574048e+00
3.817247552959089241e+00
4.441840504600299333e+00
1.110984909172016621e+01
6.713399285287081852e+00
1.229949909567696942e+01
9.054980695694858639e+00
1.302172542934063060e+01
1.575754739983517716e+01
6.752045687573427379e+00
1.360203568901912519e+01
3.599913924617789807e+00
1.185327652683020361e+01
9.704205584703181842e+00
1.573259156826877181e+01
1.619255179952010959e+00
9.208903830506546484e+00
4.682712645319725198e+00
1.006308675157096033e+01
4.368644815174927309e+00
1.842804773432556686e+01
6.279605180231044415e+00
4.789907212410172477e+00
1.413804588314107136e+01
1.013123905649143452e+01
1.037381945320209020e+01
7.387265964923827255e+00
1.745213367939728855e+01
4.102530051170860226e+00
1.114576633967494246e+01
7.659800333730879096e+00
1.302880435964431172e+01
2.980272451690136215e+00
1.794585444605987012e+00
1.414649782162383751e+01
6.720048870127190987e+00
8.595863442110381669e+00
1.507776505495289499e+01
7.259350796874776357e+00
3.897863597533469004e+00
3.073271716787667529e+00
3.033021651296164745e+00
3.589951747603779886e+00
1.517502311796623093e+00
5.757999256190137416e+00
1.685247612317637333e+01
3.250280394759390123e+00
9.439836649130715074e+00
9.353304039685506055e+00
1.295676187929797152e+01
1.310064228565408051e+01
7.516675192237578962e+00
1.240071745150997273e+01
7.472656322280091246e+00
3.658953884083694597e+00
1.165590112219653740e+01
5.643242623046281992e+00
8.996231128512244268e+00
3.377940805863740792e+00
2.239875403351546890e+00
6.097841115532112610e+00
4.584308619741945812e+00
1.024374640275725845e+01
5.754252124922883738e+00
9.495166857669978810e+00
6.900712817698575918e+00
8.732443817890716886e+00
3.884729225482550063e+00
4.731658148355904814e+00
1.072147567872369400e+01
6.386257586396190788e+00
1.122349686331368623e+01
1.226250047967391943e+01
6.331783596245545098e+00
7.632456469666407450e+00
2.226854322931182573e+00
4.612320583425237430e+00
8.820468777389436354e+00
3.215538353292970442e+00
8.436398035554057984e+00
1.336265603648919686e+01
1.167037051936422820e+00
3.144750711578504720e+00
8.997080182930005776e+00
4.537369048259966675e+00
3.489460779292298920e+00
5.398250392019502186e+00
7.482770068673097796e+00
2.443705521273808579e+00
1.683126734384927659e+01
5.117000597295789710e+00
6.015498807244404667e+00
4.909507244674959026e+00
3.107617186036058410e+00
5.195905264900491538e+00
5.808575863865563349e+00
7.054878020232941083e+00
1.229013358365515174e+01
8.117590696808461459e+00
8.567054822856427165e+00
5.780470840138213440e+00
5.644022148070219735e+00
6.434250049586160536e+00
6.672288343222973594e+00
1.031351574494603618e+01
4.332047794608895330e+00
9.525092108316425055e+00
7.598456917597827598e+00
7.871379419119672427e+00
2.089978924733097099e+00
6.371185073113101893e+00
6.556181474209415327e+00
8.865640769246327935e-01
2.292652936682831211e+00
7.429636922435585156e+00
4.715421497382695115e+00
3.076212221767947064e+00
7.091098195817994387e+00
2.507861488925507309e+00
5.586504349357069188e+00
6.561518361443085645e+00
1.382145830848249268e+01
2.727182983443823261e+00
6.156913896450047829e+00
3.063066022285391377e+00
1.253315657846934528e+01
7.380882871975823711e+00
7.452744334639930912e+00
1.354980995270409316e+01
2.087320744452486387e+00
3.975487203145938953e+00
4.140373340663266788e+00
8.836628691991794682e+00
1.887591168246761431e+00
6.918252604081480683e+00
6.973512970068170169e+00
7.610114674298294801e+00
4.305159394983755661e+00
5.351152912169024667e+00
7.569519561089538051e+00
3.531356953386540098e+00
3.030289134365074410e+00
6.927088408559600730e+00
1.988516134059785001e+00
5.854867663490406215e+00
5.234957087817381449e+00
7.881414443892894361e+00
4.408244075909694359e+00
3.936241269307164892e+00
6.940091600831656216e+00
8.947071683514280949e+00
3.624051844360594021e+00
3.425378721421663553e+00
6.626761888317333593e+00
3.827663443519025765e+00
4.521003449333881541e+00
8.995638346568268773e+00
5.086013537560247322e+00
5.726662416822115631e+00
3.388611568156844278e+00
4.892964398935468751e+00
2.080073952688187067e+00
5.131387945491491104e-02
4.495596827812026852e+00
9.583681654960622964e+00
6.102624945903027509e+00
5.018789880154328920e+00
6.696890108978511336e+00
4.906299883821241714e+00
5.496820001450533510e+00
8.251694583506607117e+00
9.190758171827088319e+00
1.756748315646149639e+00
8.462603837529091066e+00
1.200676802689185640e+00
3.343305743956695331e+00
4.629222279799574125e+00
5.214830157204350058e+00
3.999103533284390277e+00
5.527714160883471450e+00
6.037234594748582595e+00
5.815249903109561025e+00
6.319097015696513608e+00
6.156975697997514096e+00
2.572240460820065078e+00
9.126996859428899711e+00
7.457287253579876207e+00
4.317044480172262944e+00
6.625094548264227612e+00
2.324723280021635752e+00
4.771554979693667597e+00
6.363127059529600338e+00
5.697815684905201294e+00
5.039504316865200728e+00
3.301668744478287287e+00
7.350954270668153434e+00
1.880879082788090129e+00
1.574898952474534042e+00
3.140064693591104295e+00
7.945667182378286064e+00
5.202841394097451833e+00
3.150137331592368195e+00
5.307246131950982715e+00
6.142846780647776228e+00
6.110938684221277839e+00
4.469421314637186171e+00
7.438986985358674531e+00
6.616764420628006960e+00
5.633447027679960861e+00
1.242633488922457197e+01
7.210557693687230874e+00
2.175852691760114865e+00
6.390443894681830272e+00
5.072310338823662335e+00
3.231325236892864439e+00
3.886803607306133834e+00
2.933667857929853628e+00
2.597175909278643946e+00
3.774332251419116879e+00
4.094038428934875462e+00
4.694196502390726167e+00
9.279744147762405415e-01
7.057866331478058974e+00
4.405780420767826833e+00
2.250994574727416819e-01
1.021307995076040598e+01
6.151399217652702589e+00
2.483759782069348443e+00
6.743194408641967286e+00
5.591062950621860317e+00
5.456910698035152052e+00
3.593023355854553458e+00
5.672672985360305731e+00
2.694300458613572591e+00
5.721612193607127139e+00
7.993862228534467818e+00
3.892390777027972426e+00
4.976553191009949195e+00
2.551973246500999881e+00
4.242295119991758234e+00
7.803263423839288393e+00
4.075857800168187772e+00
5.090023586198397787e+00
7.847937655371586274e+00
8.112730516127729885e+00
1.581374438486806477e+00
1.017570834580315164e+01
6.780619627419908646e+00
4.860466663565069290e+00
7.706859226992095468e-01
3.775802504490304301e+00
2.985471813662154528e+00
4.848727851819065293e+00
2.081352461056544367e+00
3.721978065910271471e+00
7.229836585185572595e+00
4.683553265965265666e+00
6.398250233821186406e+00
8.247031823870671019e+00
8.558028399464140401e-01
4.000860215110340512e+00
2.430556318429796026e+00
3.260696747839598508e+00
4.225581460572673365e+00
3.192317180617765704e+00
5.062687267277448555e+00
2.046526510472809424e+00
5.951452417209882384e+00
9.249847328237738253e+00
7.676041149563806343e+00
6.389856330916795280e+00
4.809898311711202190e+00
8.386163088311321401e-01
3.970061760119093286e+00
4.359014431901379716e+00
3.859370435881238404e+00
7.099574374165436907e+00
5.333156921808901885e+00
1.127907549454641556e+00
5.792633683297061964e+00
1.432874446868537932e+00
1.122556882875954454e+00
7.546366580421439707e+00
5.875050721923707364e+00
6.460952545343789932e-01
7.540963111347349646e+00
1.599986163708968512e+00
3.514119409498050128e+00
5.684148309008202560e+00
7.193000474205388350e+00
3.876617164421047868e+00
8.339363302739606354e+00
2.926244975129062453e+00
7.384416520423149777e+00
8.541403250853752738e+00
1.401915918818450457e+01
3.961277221279514293e+01
1.274989585056112595e+01
5.050320183153680809e+00
2.617669868436768077e+00
9.965733070771271684e+00
1.658935546875057732e-01
9.965733070771271684e+00
2.617669868436760083e+00
5.050320183153680809e+00
1.274989585056274422e+01
3.961277221279514293e+01
1.401915918818272466e+01
8.541403250853752738e+00
7.384416520421714480e+00
2.926244975129062453e+00
8.339363302738753703e+00
3.876617164421047868e+00
7.193000474205082817e+00
5.684148309008202560e+00
3.514119409497799662e+00
1.599986163708968512e+00
7.540963111347173786e+00
6.460952545343789932e-01
5.875050721924631958e+00
7.546366580421439707e+00
1.122556882875781259e+00
1.432874446868537932e+00
5.792633683296522840e+00
1.127907549454641556e+00
5.333156921808652307e+00
7.099574374165436907e+00
3.859370435882202077e+00
4.359014431901379716e+00
3.970061760118780203e+00
8.386163088311321401e-01
4.809898311711307883e+00
6.389856330916795280e+00
7.676041149565310917e+00
9.249847328237738253e+00
5.951452417208330736e+00
2.046526510472809424e+00
5.062687267278593417e+00
3.192317180617765704e+00
4.225581460574120207e+00
3.260696747839598508e+00
2.430556318430092233e+00
4.000860215110340512e+00
8.558028399468086134e-01
8.247031823870671019e+00
6.398250233822210475e+00
4.683553265965265666e+00
7.229836585185370090e+00
3.721978065910271471e+00
2.081352461056053649e+00
4.848727851819065293e+00
2.985471813663811869e+00
3.775802504490304301e+00
7.706859226980077304e-01
4.860466663565069290e+00
6.780619627419520512e+00
1.017570834580315164e+01
1.581374438486902623e+00
8.112730516127729885e+00
7.847937655370877508e+00
5.090023586198397787e+00
4.075857800168745548e+00
7.803263423839288393e+00
4.242295119990316721e+00
2.551973246500999881e+00
4.976553191011243271e+00
3.892390777027972426e+00
7.993862228534737824e+00
5.721612193607127139e+00
2.694300458613371863e+00
5.672672985360305731e+00
3.593023355856164613e+00
5.456910698035152052e+00
5.591062950622410987e+00
6.743194408641967286e+00
2.483759782070281474e+00
6.151399217652702589e+00
1.021307995075904884e+01
2.250994574727416819e-01
4.405780420769254135e+00
7.057866331478058974e+00
9.279744147762023498e-01
4.694196502390726167e+00
4.094038428933141738e+00
3.774332251419116879e+00
2.597175909280417638e+00
2.933667857929853628e+00
3.886803607305658215e+00
3.231325236892864439e+00
5.072310338823163178e+00
6.390443894681830272e+00
2.175852691761396507e+00
7.210557693687230874e+00
1.242633488922509777e+01
5.633447027679960861e+00
6.616764420628680199e+00
7.438986985358674531e+00
4.469421314636285558e+00
6.110938684221277839e+00
6.142846780647193583e+00
5.307246131950982715e+00
3.150137331591940537e+00
5.202841394097451833e+00
7.945667182378380211e+00
3.140064693591104295e+00
1.574898952474464542e+00
1.880879082788090129e+00
7.350954270668890622e+00
3.301668744478287287e+00
5.039504316865943245e+00
5.697815684905201294e+00
6.363127059529749552e+00
4.771554979693667597e+00
2.324723280023140770e+00
6.625094548264227612e+00
4.317044480173420240e+00
7.457287253579876207e+00
9.126996859428507136e+00
2.572240460820065078e+00
6.156975697997179253e+00
6.319097015696513608e+00
5.815249903109848795e+00
6.037234594748582595e+00
5.527714160882951866e+00
3.999103533284390277e+00
5.214830157204775496e+00
4.629222279799574125e+00
3.343305743958242093e+00
1.200676802689185640e+00
8.462603837528769546e+00
1.756748315646149639e+00
9.190758171827781098e+00
8.251694583506607117e+00
5.496820001451151683e+00
4.906299883821241714e+00
6.696890108977784806e+00
5.018789880154328920e+00
6.102624945902550557e+00
9.583681654960622964e+00
4.495596827810844687e+00
5.131387945491491104e-02
2.080073952689048156e+00
4.892964398935468751e+00
3.388611568156533416e+00
5.726662416822115631e+00
5.086013537561691500e+00
8.995638346568268773e+00
4.521003449333503177e+00
3.827663443519025765e+00
6.626761888318502436e+00
3.425378721421663553e+00
3.624051844362083941e+00
8.947071683514280949e+00
6.940091600832148266e+00
3.936241269307164892e+00
4.408244075910882742e+00
7.881414443892894361e+00
5.234957087817764254e+00
5.854867663490406215e+00
1.988516134061536267e+00
6.927088408559600730e+00
3.030289134366158432e+00
3.531356953386540098e+00
7.569519561090089610e+00
5.351152912169024667e+00
4.305159394982534415e+00
7.610114674298294801e+00
6.973512970069856820e+00
6.918252604081480683e+00
1.887591168247135132e+00
8.836628691991794682e+00
4.140373340663639823e+00
3.975487203145938953e+00
2.087320744453812882e+00
1.354980995270409316e+01
7.452744334641339563e+00
7.380882871975823711e+00
1.253315657846953357e+01
3.063066022285391377e+00
6.156913896450720181e+00
2.727182983443823261e+00
1.382145830848311618e+01
6.561518361443085645e+00
5.586504349355712939e+00
2.507861488925507309e+00
7.091098195817125749e+00
3.076212221767947064e+00
4.715421497383526450e+00
7.429636922435585156e+00
2.292652936681910170e+00
8.865640769246327935e-01
6.556181474208671034e+00
6.371185073113101893e+00
2.089978924732136090e+00
7.871379419119672427e+00
7.598456917599510696e+00
9.525092108316425055e+00
4.332047794608318902e+00
1.031351574494603618e+01
6.672288343223529594e+00
6.434250049586160536e+00
5.644022148070543032e+00
5.780470840138213440e+00
8.567054822858507279e+00
8.117590696808461459e+00
1.229013358365662612e+01
7.054878020232941083e+00
5.808575863867186051e+00
5.195905264900491538e+00
3.107617186037749946e+00
4.909507244674959026e+00
6.015498807245897694e+00
5.117000597295789710e+00
1.683126734385012568e+01
2.443705521273808579e+00
7.482770068674631680e+00
5.398250392019502186e+00
3.489460779290926240e+00
4.537369048259966675e+00
8.997080182931126657e+00
3.144750711578504720e+00
1.167037051937644732e+00
1.336265603648919686e+01
8.436398035555244590e+00
3.215538353292970442e+00
8.820468777390278348e+00
4.612320583425237430e+00
2.226854322930295282e+00
7.632456469666407450e+00
6.331783596245912804e+00
1.226250047967391943e+01
1.122349686331388874e+01
6.386257586396190788e+00
1.072147567872404927e+01
4.731658148355904814e+00
3.884729225481447390e+00
8.732443817890716886e+00
6.900712817699941048e+00
9.495166857669978810e+00
5.754252124923358025e+00
1.024374640275725845e+01
4.584308619740380841e+00
6.097841115532112610e+00
2.239875403352410199e+00
3.377940805863740792e+00
8.996231128513551667e+00
5.643242623046281992e+00
1.165590112219797270e+01
3.658953884083694597e+00
7.472656322281653551e+00
1.240071745150997273e+01
7.516675192239266501e+00
1.310064228565408051e+01
1.295676187929956491e+01
9.353304039685506055e+00
9.439836649129359714e+00
3.250280394759390123e+00
1.685247612317767008e+01
5.757999256190137416e+00
1.517502311798269554e+00
3.589951747603779886e+00
3.033021651297469035e+00
3.073271716787667529e+00
3.897863597532894353e+00
7.259350796874776357e+00
1.507776505495439423e+01
8.595863442110381669e+00
6.720048870128207952e+00
1.414649782162383751e+01
1.794585444605765634e+00
2.980272451690136215e+00
1.302880435964462436e+01
7.659800333730879096e+00
1.114576633967483055e+01
4.102530051170860226e+00
1.745213367939711446e+01
7.387265964923827255e+00
1.037381945320252186e+01
1.013123905649143452e+01
1.413804588314048871e+01
4.789907212410172477e+00
6.279605180231917494e+00
1.842804773432556686e+01
4.368644815176272012e+00
1.006308675157096033e+01
4.682712645318332534e+00
9.208903830506546484e+00
1.619255179952988843e+00
1.573259156826877181e+01
9.704205584702609855e+00
1.185327652683020361e+01
3.599913924617871075e+00
1.360203568901912519e+01
6.752045687573969168e+00
1.575754739983517716e+01
1.302172542934125410e+01
9.054980695694858639e+00
1.229949909567592847e+01
6.713399285287081852e+00
1.110984909171915547e+01
4.441840504600299333e+00
3.817247552959520007e+00
2.393966222498574048e+00
1.036628965873681629e+01
3.041961488911000711e+00
5.929673415572866091e+00
7.006006495236134946e+00
1.582693626267927023e+01
1.900493141462111879e+01
2.082582375548350484e+01
1.075562870949758754e+01
1.380283976078729857e+01
9.295591485166745827e+00
1.259409712217387778e+01
1.250715567943838735e+01
4.940885644574247060e+00
5.544078427720092961e+00
1.955716349343834537e+01
3.722627082071746418e+00
4.324055576434163939e+00
6.038759590104523234e+00
1.933811637870366473e+00
1.973658314073437614e+00
2.895328266957321706e+00
1.155402869124221255e+01
4.777805548837282146e+00
1.451522908045131821e+01
1.866100086007842762e+01
1.239624702534892720e+01
6.210526051953082494e+00
6.277295453554310178e+00
1.415583146582888396e+01
8.021250534967991896e+00
9.022421945407151256e+00
1.466851807707077526e+01
8.261808036986389325e+00
4.730555255264260239e+00
8.038059306670092496e+00
1.331199221861158399e+01
1.303247347201941686e+01
1.356723446613641748e+01
8.462303323144713119e+00
7.033508418967695519e+00
1.294091452882117466e+01
1.602745865233402256e+01
6.243642369787441027e+00
1.616017501419890223e+01
3.466782834528373769e+00
1.474357589149103909e+01
9.938277354211042081e+00
9.794770115528836030e+00
3.963907210373373236e+00
1.925035429226536721e+01
1.396690734651666510e+01
4.206395274687402264e+00
3.496172727342969466e+00
1.251191665335758607e+01
1.031054379088453921e+01
2.854531969185381968e+01
1.228264907319649879e+01
4.770879473809823690e-01
1.392444825610949799e+01
2.182428601172838256e+01
1.629589453262687826e+01
1.498743254287123250e+01
2.869200081337586994e+01
1.744956947191870000e+01
1.407936626677015468e+01
1.018433910515086538e+01
1.464947477236907147e+01
2.067260793730474333e+01
1.615311651446605268e+01
2.236464879032003239e+01
1.004800995574299449e+01
7.763491335433439389e+00
1.454669407475570786e+01
6.135537525040215989e+00
1.609977749011721215e+01
7.825827429252595557e+00
1.991155399141140236e+01
1.120857315100617058e+01
1.218671406405219138e+01
2.326048959081957790e+01
3.870709908610426453e+01
1.623881807605851790e+01
2.082838755588742075e+01
7.864186380105767427e+00
2.217590536378589405e+01
1.878305026354906149e+00
2.605598054837735944e+01
2.144472979644721988e+01
2.046601006821509117e+01
3.059428674228916378e+01
2.745631376963910597e+01
9.951224725481401023e+00
2.584230633300452595e+01
3.696201675461480107e+01
2.729611504252558163e+00
1.369516867418253980e+01
2.752179799392892079e+01
3.567419945156761685e+01
2.177788991348909775e+01
9.455099164873933537e-01
2.032291826791499290e+01
1.971178044432290832e+01
2.737990723483175515e+00
4.907582268178956042e+00
2.604520325972072925e+01
4.762586133123605237e+00
1.606466417359585108e+01
1.844793372140511067e+01
1.178049839664530829e+01
3.133018944978030973e+01
3.022458558320701272e+01
3.424739780151580248e+01
1.343619741358504527e+01
1.801592051183085275e+01
7.970731970114216303e+00
1.810150634988697504e+01
4.203190237395855888e+01
2.226778563228413432e+01
7.117377722138757079e+00
5.955197364226569867e+00
2.152416729343463331e+01
1.049800407361139420e+01
2.291820860040051855e+01
3.213609284058347981e+01
6.130184693430179799e+00
1.997277694811229409e+01
2.849821880785280115e+01
2.992593835205960673e+01
1.249015667826919440e+01
8.901662957709145729e+00
1.648616512290143987e+01
3.060607026639328865e+01
2.993231574405632855e+01
6.608319509799501645e+01
3.114951183925185063e+01
1.848519416605835630e+01
3.789266599306331784e+01
2.604842171873299250e+01
3.998900695460086041e+01
3.371050083707046241e+01
1.920675843620188061e+01
3.874898161075460479e+01
1.042194015289803133e+01
1.065308389375513087e+01
1.326836856113906293e+01
2.070637493026010034e+01
3.081791351323124317e+01
3.482862825603684431e+00
2.993809463606067212e+01
2.985548904104634804e+00
1.119656114327981911e+01
3.028530803672499516e+01
1.785067256538041036e+01
2.180984504058948303e+01
2.275382719855695157e+01
2.631794787578341754e+01
3.430070933326709337e+01
5.775645720269285732e+01
3.572112689760487569e+01
1.284241844088152718e+01
3.980467780111096943e+01
2.568036837623463597e+01
1.664071769037622062e+01
1.018372835787094743e+01
4.519562711243250419e+01
1.874043729250241341e+01
1.457289752695282026e+01
5.665608245797765896e+00
3.010038066755316777e+01
3.293675761193576079e+01
2.972034281402179801e+01
6.928946658245156698e+01
3.133878089173149917e+00
7.312914912629047137e+01
5.956876827232665050e+01
2.329232490616795914e+01
4.764505082718815743e+01
3.399918646350382545e+01
3.859575204057348685e+01
3.665638423654072398e+01
6.838052167171234430e+01
3.927152649517280025e+01
6.203860759568718208e+01
2.132972221008498437e+01
5.916834329471854659e+01
4.533575046120452612e+01
3.390822520579673949e+01
3.690156993926979112e+01
4.094209249315628796e+01
6.993161661624851888e+01
2.651136794360306936e+01
4.424625259737075567e+01
4.137642079058908706e+01
7.988506205059119125e+00
3.729389988354949992e+01
4.579532794841977505e+01
1.765866332884762002e+01
7.436760309287457460e+01
9.999121339761249772e+01
7.064265406170210326e+01
2.841596065652545988e+01
7.290469820901142484e+00
3.044204802379930186e+01
9.824672629707878002e+01
6.987143175571041809e+01
9.324152235921845033e+01
6.107615057687736027e+01
1.106180015985054013e+02
3.768832324210350038e+01
6.931725612032257011e+00
1.352651309398233970e+01
1.025269040749207932e+02
5.878938707651457207e+01
1.167062555786352789e+02
1.656300395819943105e+02
5.139474414330794616e+01
6.812476428680731999e+01
7.649496892191226038e+01
5.728321144681532218e+01
5.349261336024061109e+01
9.512181249548427786e+01
1.012500083482264728e+02
8.221745673060559056e+01
9.482438405567120299e+01
7.650350877208740030e+01
4.801776371512815444e+01
3.575720742477209768e+01
9.869399311747737613e+01
5.146362524381043357e+01
4.099610919729630609e+01
1.425833105523648783e+02
1.064488129714603701e+02
5.751770611861871885e+01
5.784457014969024868e+01
5.971982005961463358e+01
4.301252341228212117e+01
4.683903541833225148e+01
5.577195245355149922e+01
8.099844550373443752e+00
1.073879207934811149e+02
1.133640028440378416e+02
1.100164696876969117e+02
4.296733387977718621e+01
7.114512421346726967e+01
6.518286713636437923e+01
9.441573772070906045e+01
6.971416606671084537e+01
5.846774117501686163e+01
1.250936705459349128e+02
9.848356810759089797e+01
1.257766879787607479e+02
1.411891345875511092e+02
1.535339194314894939e+02
5.682509654031831303e+01
1.551132329285024696e+02
2.167597698390425478e+02
8.159925419569670169e+01
2.702967691573974207e+02
1.747768666845671532e+02
2.268912557226373963e+02
2.221332468666317368e+02
1.686603958898265603e+02
3.675227221859149296e+01
6.563215249812824936e+01
8.259487928058652528e+01
5.501774917450092772e+01
9.096257997687729357e+01
9.759603988572793298e+01
5.726356936570932987e+01
7.508093483458377193e+01
2.173416921780678308e+02
2.671642562487003829e+02
2.441552637101768823e+02
3.218388911314661414e+02
3.140946673799969631e+02
2.230843705987843180e+02
3.084248339725437518e+02
1.670922959336924976e+02
8.688404823869923632e+01
1.578580000877081773e+02
2.949368332255355085e+02
4.954655153530929965e+02
3.566216142414818933e+02
4.183789382803263948e+02
2.998282566448871194e+02
2.838625128660860355e+02
4.710870127080189036e+02
6.466569176708017039e+02
5.017916916106835288e+02
1.383324020219586146e+02
5.179194810672562426e+02
5.822305490631256930e+01
6.211718325638591978e+02
7.454113344860242023e+02
2.312290030378321262e+03
4.935875924697911046e+02
1.383498004051210501e+03
