1.601448364257812500e+02
1.601448364257812500e+02
1.601448364257812500e+02
1.601687011718750000e+02
1.599231567382812500e+02
1.596959838867187500e+02
1.595230102539062500e+02
1.597059936523437500e+02
1.605250854492187500e+02
1.611282958984375000e+02
1.609160766601562500e+02
1.610668945312500000e+02
1.614881591796875000e+02
1.628826904296875000e+02
1.639088134765625000e+02
1.643373413085937500e+02
1.646751708984375000e+02
1.656016845703125000e+02
1.659360351562500000e+02
1.662844848632812500e+02
1.663684692382812500e+02
1.639010009765625000e+02
1.551532592773437500e+02
1.491235961914062500e+02
1.481582641601562500e+02
1.492416992187500000e+02
1.517126464843750000e+02
1.534700927734375000e+02
1.553265380859375000e+02
1.562996215820312500e+02
1.569076538085937500e+02
1.580343017578125000e+02
1.593427124023437500e+02
1.603380737304687500e+02
1.605870971679687500e+02
1.619414672851562500e+02
1.638159790039062500e+02
1.666767578125000000e+02
1.684174804687500000e+02
1.705654296875000000e+02
1.713306884765625000e+02
1.728012084960937500e+02
1.758077392578125000e+02
1.784843750000000000e+02
1.800032958984375000e+02
1.806655273437500000e+02
1.824251708984375000e+02
1.838848266601562500e+02
1.845067749023437500e+02
1.853851318359375000e+02
1.855699462890625000e+02
1.856638183593750000e+02
1.848908691406250000e+02
1.837588500976562500e+02
1.833688354492187500e+02
1.835353393554687500e+02
1.839946899414062500e+02
1.854094848632812500e+02
1.870125732421875000e+02
1.874635009765625000e+02
1.872289428710937500e+02
1.875463256835937500e+02
1.880781860351562500e+02
1.872367553710937500e+02
1.866153564453125000e+02
1.866563720703125000e+02
1.869215698242187500e+02
1.865124511718750000e+02
1.861690673828125000e+02
1.859861450195312500e+02
1.853249511718750000e+02
1.849714355468750000e+02
1.850076293945312500e+02
1.852274780273437500e+02
1.854738769531250000e+02
1.857886962890625000e+02
1.862809448242187500e+02
1.864012451171875000e+02
1.859829711914062500e+02
1.857767944335937500e+02
1.854034423828125000e+02
1.835190429687500000e+02
1.814384765625000000e+02
1.805497436523437500e+02
1.805296020507812500e+02
1.809219970703125000e+02
1.814561157226562500e+02
1.817655029296875000e+02
1.821773681640625000e+02
1.826339111328125000e+02
1.828500366210937500e+02
1.832241821289062500e+02
1.831628417968750000e+02
1.832838134765625000e+02
1.835552978515625000e+02
1.841945800781250000e+02
1.849561157226562500e+02
1.854525756835937500e+02
1.857545166015625000e+02
1.860684204101562500e+02
1.862363281250000000e+02
1.863894042968750000e+02
1.864743652343750000e+02
1.865721435546875000e+02
1.866076660156250000e+02
1.867609863281250000e+02
1.865980224609375000e+02
1.865950927734375000e+02
1.867637939453125000e+02
1.862871704101562500e+02
1.843160400390625000e+02
1.824926757812500000e+02
1.818952026367187500e+02
1.822609863281250000e+02
1.830718994140625000e+02
1.834818725585937500e+02
1.837362060546875000e+02
1.838881835937500000e+02
1.840332031250000000e+02
1.842611694335937500e+02
1.844007568359375000e+02
1.845321044921875000e+02
1.844867553710937500e+02
1.845850830078125000e+02
1.845527343750000000e+02
1.849091796875000000e+02
1.855644531250000000e+02
1.862587280273437500e+02
1.867771606445312500e+02
1.873200683593750000e+02
1.877946777343750000e+02
1.885679931640625000e+02
1.888630371093750000e+02
1.892247314453125000e+02
1.895427246093750000e+02
1.888563232421875000e+02
1.887728271484375000e+02
1.897563476562500000e+02
1.896804199218750000e+02
1.881685791015625000e+02
1.875045776367187500e+02
1.878101196289062500e+02
1.893732299804687500e+02
1.904924316406250000e+02
1.913346557617187500e+02
1.917178344726562500e+02
1.920327148437500000e+02
1.920842285156250000e+02
1.921408081054687500e+02
1.921276855468750000e+02
1.922257690429687500e+02
1.921362304687500000e+02
1.924406127929687500e+02
1.926328735351562500e+02
1.930899047851562500e+02
1.934103393554687500e+02
1.935984497070312500e+02
1.939753417968750000e+02
1.946653442382812500e+02
1.953184814453125000e+02
1.958124389648437500e+02
1.955321655273437500e+02
1.955659790039062500e+02
1.953732299804687500e+02
1.956748046875000000e+02
1.956771240234375000e+02
1.956835937500000000e+02
1.953717041015625000e+02
1.946057739257812500e+02
1.929006958007812500e+02
1.919725341796875000e+02
1.912868652343750000e+02
1.910221557617187500e+02
1.906687011718750000e+02
1.907701416015625000e+02
1.909199218750000000e+02
1.910225219726562500e+02
1.907398681640625000e+02
1.902332763671875000e+02
1.894185791015625000e+02
1.886744995117187500e+02
1.882261352539062500e+02
1.883332519531250000e+02
1.885000610351562500e+02
1.893782958984375000e+02
1.897924194335937500e+02
1.898546752929687500e+02
1.900082397460937500e+02
1.903329467773437500e+02
1.906912231445312500e+02
1.909326782226562500e+02
1.907719116210937500e+02
1.909661254882812500e+02
1.912036743164062500e+02
1.915935668945312500e+02
1.918830566406250000e+02
1.915729370117187500e+02
1.905618896484375000e+02
1.902251586914062500e+02
1.904796752929687500e+02
1.911839599609375000e+02
1.920363769531250000e+02
1.923386230468750000e+02
1.924287109375000000e+02
1.924481201171875000e+02
1.926009521484375000e+02
1.930891723632812500e+02
1.930678100585937500e+02
1.929924316406250000e+02
1.928643798828125000e+02
1.928997192382812500e+02
1.927725219726562500e+02
1.926422729492187500e+02
1.922332153320312500e+02
1.921512451171875000e+02
1.922220458984375000e+02
1.924824829101562500e+02
1.930662231445312500e+02
1.931096191406250000e+02
1.933276977539062500e+02
1.944255371093750000e+02
1.952670898437500000e+02
1.959176025390625000e+02
1.961046752929687500e+02
1.960313720703125000e+02
1.953300170898437500e+02
1.945968017578125000e+02
1.941425781250000000e+02
1.941147460937500000e+02
1.942848510742187500e+02
1.945793457031250000e+02
1.951649169921875000e+02
1.952896728515625000e+02
1.949195556640625000e+02
1.952963867187500000e+02
1.954555053710937500e+02
1.958610229492187500e+02
1.972716674804687500e+02
1.983823852539062500e+02
1.985520629882812500e+02
1.985236816406250000e+02
1.989274291992187500e+02
1.991999511718750000e+02
1.989716796875000000e+02
1.982082519531250000e+02
1.967196655273437500e+02
1.956423950195312500e+02
1.951138916015625000e+02
1.952004394531250000e+02
1.952447509765625000e+02
1.954614257812500000e+02
1.957265014648437500e+02
1.955602416992187500e+02
1.958414306640625000e+02
1.961171264648437500e+02
1.963573608398437500e+02
1.953377075195312500e+02
1.940150146484375000e+02
1.929984741210937500e+02
1.929540405273437500e+02
1.929037475585937500e+02
1.929182128906250000e+02
1.926402587890625000e+02
1.930620117187500000e+02
1.934220581054687500e+02
1.936412963867187500e+02
1.936779785156250000e+02
1.940590820312500000e+02
1.944115600585937500e+02
1.947929077148437500e+02
1.947470703125000000e+02
1.944222412109375000e+02
1.942506713867187500e+02
1.943430175781250000e+02
1.943552246093750000e+02
1.942692871093750000e+02
1.939467163085937500e+02
1.934166870117187500e+02
1.927558593750000000e+02
1.924642333984375000e+02
1.921069335937500000e+02
1.921052856445312500e+02
1.920654907226562500e+02
1.925299682617187500e+02
1.928447875976562500e+02
1.931111450195312500e+02
1.926345825195312500e+02
1.917546386718750000e+02
1.912664794921875000e+02
1.912933959960937500e+02
1.913685302734375000e+02
1.914500122070312500e+02
1.911026000976562500e+02
1.908256225585937500e+02
1.905822753906250000e+02
1.904035644531250000e+02
1.899285888671875000e+02
1.898652343750000000e+02
1.897316284179687500e+02
1.900144653320312500e+02
1.900106811523437500e+02
1.901730957031250000e+02
1.905030517578125000e+02
1.908187255859375000e+02
1.911855468750000000e+02
1.913513793945312500e+02
1.917290649414062500e+02
1.920551757812500000e+02
1.922939453125000000e+02
1.926722412109375000e+02
1.931068115234375000e+02
1.935778808593750000e+02
1.936853027343750000e+02
1.938849487304687500e+02
1.939226684570312500e+02
1.934787597656250000e+02
1.926940307617187500e+02
1.918678588867187500e+02
1.916945190429687500e+02
1.916801147460937500e+02
1.915969848632812500e+02
1.914545898437500000e+02
1.910015869140625000e+02
1.909821777343750000e+02
1.910993652343750000e+02
1.907933959960937500e+02
1.902485961914062500e+02
1.897186279296875000e+02
1.895012207031250000e+02
1.898036499023437500e+02
1.901110839843750000e+02
1.909399414062500000e+02
1.921082153320312500e+02
1.931090698242187500e+02
1.930142822265625000e+02
1.922750244140625000e+02
1.913601074218750000e+02
1.906988525390625000e+02
1.906467285156250000e+02
1.902470703125000000e+02
1.902761230468750000e+02
1.902383422851562500e+02
1.892080078125000000e+02
1.890958251953125000e+02
1.896075439453125000e+02
1.896824340820312500e+02
1.892238159179687500e+02
1.895454711914062500e+02
1.904210205078125000e+02
1.907839965820312500e+02
1.903823852539062500e+02
1.894085083007812500e+02
1.884248657226562500e+02
1.874760742187500000e+02
1.873435058593750000e+02
1.870322265625000000e+02
1.867516479492187500e+02
1.866809692382812500e+02
1.869874877929687500e+02
1.875424804687500000e+02
1.877028808593750000e+02
1.876377563476562500e+02
1.877875366210937500e+02
1.880333251953125000e+02
1.880312500000000000e+02
1.878094482421875000e+02
1.876622314453125000e+02
1.875513305664062500e+02
1.876353759765625000e+02
1.879132690429687500e+02
1.880670166015625000e+02
1.880304565429687500e+02
1.882074584960937500e+02
1.884251098632812500e+02
1.888374633789062500e+02
1.893999023437500000e+02
1.895629272460937500e+02
1.888187866210937500e+02
1.870247192382812500e+02
1.865634765625000000e+02
1.868629150390625000e+02
1.875038452148437500e+02
1.877149047851562500e+02
1.877381591796875000e+02
1.877977905273437500e+02
1.876306152343750000e+02
1.879863281250000000e+02
1.878960571289062500e+02
1.877564086914062500e+02
1.876876831054687500e+02
1.880191650390625000e+02
1.885159301757812500e+02
1.886997680664062500e+02
1.886367797851562500e+02
1.886750488281250000e+02
1.887633666992187500e+02
1.889627075195312500e+02
1.891372070312500000e+02
1.892340698242187500e+02
1.892005004882812500e+02
1.893214111328125000e+02
1.895958862304687500e+02
1.899037475585937500e+02
1.900696411132812500e+02
1.904909057617187500e+02
1.910349121093750000e+02
1.920096435546875000e+02
1.919830322265625000e+02
1.902343139648437500e+02
1.882130737304687500e+02
1.876965942382812500e+02
1.873958129882812500e+02
1.875322875976562500e+02
1.872058715820312500e+02
1.870349731445312500e+02
1.868723144531250000e+02
1.873508300781250000e+02
1.881450805664062500e+02
1.890600585937500000e+02
1.894553222656250000e+02
1.902109985351562500e+02
1.904464721679687500e+02
1.911575317382812500e+02
1.912560424804687500e+02
1.913929443359375000e+02
1.910037231445312500e+02
1.903170166015625000e+02
1.892147216796875000e+02
1.886260986328125000e+02
1.883639526367187500e+02
1.883848266601562500e+02
1.882668457031250000e+02
1.887119140625000000e+02
1.893057861328125000e+02
1.897621459960937500e+02
1.898193969726562500e+02
1.896953125000000000e+02
1.897566528320312500e+02
1.893828125000000000e+02
1.883293457031250000e+02
1.882894897460937500e+02
1.896076049804687500e+02
1.903298950195312500e+02
1.908615722656250000e+02
1.912564697265625000e+02
1.915953979492187500e+02
1.925104370117187500e+02
1.931639404296875000e+02
1.934926147460937500e+02
1.938110961914062500e+02
1.942024536132812500e+02
1.942974853515625000e+02
1.942691040039062500e+02
1.943297729492187500e+02
1.941599731445312500e+02
1.939443359375000000e+02
1.936958618164062500e+02
1.938122558593750000e+02
1.943887939453125000e+02
1.946090698242187500e+02
1.947623291015625000e+02
1.946156005859375000e+02
1.945942382812500000e+02
1.938793334960937500e+02
1.931832885742187500e+02
1.929231567382812500e+02
1.931868896484375000e+02
1.928597412109375000e+02
1.922014770507812500e+02
1.918125000000000000e+02
1.925831909179687500e+02
1.934745483398437500e+02
1.942504272460937500e+02
1.944385375976562500e+02
1.942827758789062500e+02
1.942510986328125000e+02
1.944881591796875000e+02
1.943270263671875000e+02
1.937739868164062500e+02
1.934014892578125000e+02
1.929634399414062500e+02
1.928779907226562500e+02
1.924542236328125000e+02
1.921746215820312500e+02
1.919984741210937500e+02
1.918037109375000000e+02
1.913506469726562500e+02
1.905300292968750000e+02
1.905387573242187500e+02
1.913167724609375000e+02
1.927419433593750000e+02
1.935278930664062500e+02
1.938551635742187500e+02
1.938206787109375000e+02
1.928476562500000000e+02
1.916726684570312500e+02
1.912673339843750000e+02
1.912417602539062500e+02
1.915651245117187500e+02
1.918063964843750000e+02
1.918621215820312500e+02
1.919034423828125000e+02
1.917335815429687500e+02
1.919201049804687500e+02
1.925208129882812500e+02
1.929227905273437500e+02
1.934727783203125000e+02
1.932991943359375000e+02
1.929823608398437500e+02
1.926707763671875000e+02
1.925398559570312500e+02
1.925665893554687500e+02
1.925963134765625000e+02
1.926492309570312500e+02
1.926558837890625000e+02
1.926638183593750000e+02
1.929050292968750000e+02
1.933747558593750000e+02
1.934641113281250000e+02
1.932116699218750000e+02
1.916404418945312500e+02
1.908036499023437500e+02
1.909071655273437500e+02
1.914338378906250000e+02
1.915774536132812500e+02
1.917327880859375000e+02
1.916671752929687500e+02
1.913615722656250000e+02
1.909619750976562500e+02
1.905137329101562500e+02
1.898742065429687500e+02
1.894708251953125000e+02
1.891952514648437500e+02
1.892852172851562500e+02
1.889721069335937500e+02
1.890678710937500000e+02
1.891791992187500000e+02
1.894063110351562500e+02
1.895379028320312500e+02
1.899766845703125000e+02
1.900571899414062500e+02
1.902868652343750000e+02
1.903210449218750000e+02
1.903999023437500000e+02
1.901419677734375000e+02
1.888914184570312500e+02
1.876413574218750000e+02
1.876293334960937500e+02
1.882594604492187500e+02
1.890103149414062500e+02
1.897456054687500000e+02
1.906959838867187500e+02
1.909592285156250000e+02
1.916035156250000000e+02
1.921295776367187500e+02
1.923176879882812500e+02
1.920709838867187500e+02
1.920773925781250000e+02
1.918886718750000000e+02
1.919387207031250000e+02
1.920604858398437500e+02
1.921652221679687500e+02
1.921036987304687500e+02
1.920606689453125000e+02
1.922474975585937500e+02
1.924894409179687500e+02
1.926463623046875000e+02
1.929786376953125000e+02
1.929365844726562500e+02
1.930012817382812500e+02
1.924691772460937500e+02
1.911435546875000000e+02
1.899426269531250000e+02
1.901465454101562500e+02
1.909393310546875000e+02
1.916000976562500000e+02
1.920299682617187500e+02
1.925625000000000000e+02
1.933525390625000000e+02
1.940245971679687500e+02
1.941169433593750000e+02
1.938944702148437500e+02
1.937429199218750000e+02
1.936831054687500000e+02
1.936778564453125000e+02
1.933204956054687500e+02
1.929341430664062500e+02
1.921926879882812500e+02
1.912981567382812500e+02
1.897087402343750000e+02
1.880812377929687500e+02
1.863444824218750000e+02
1.853125000000000000e+02
1.851815185546875000e+02
1.855127563476562500e+02
1.855228271484375000e+02
1.841290283203125000e+02
1.827763061523437500e+02
1.826387939453125000e+02
1.834871826171875000e+02
1.847959594726562500e+02
1.852408447265625000e+02
1.854779663085937500e+02
1.856462402343750000e+02
1.860605468750000000e+02
1.860025634765625000e+02
1.850745239257812500e+02
1.868936157226562500e+02
1.881251220703125000e+02
1.885244140625000000e+02
1.890379638671875000e+02
1.894817504882812500e+02
1.897462158203125000e+02
1.898064575195312500e+02
1.889884643554687500e+02
1.888347778320312500e+02
1.882174072265625000e+02
1.887688598632812500e+02
1.899579467773437500e+02
1.909738769531250000e+02
1.909821777343750000e+02
1.909230957031250000e+02
1.896088867187500000e+02
1.879834594726562500e+02
1.880252075195312500e+02
1.888630981445312500e+02
1.898739624023437500e+02
1.892133789062500000e+02
1.883388061523437500e+02
1.881327514648437500e+02
1.884756469726562500e+02
1.886096801757812500e+02
1.898022460937500000e+02
1.904454956054687500e+02
1.905053100585937500e+02
1.905671386718750000e+02
1.910389404296875000e+02
1.917045898437500000e+02
1.924166870117187500e+02
1.925042724609375000e+02
1.926454467773437500e+02
1.925899658203125000e+02
1.913753662109375000e+02
1.906475830078125000e+02
1.901185913085937500e+02
1.902299804687500000e+02
1.901644287109375000e+02
1.902570800781250000e+02
1.901080932617187500e+02
1.889418945312500000e+02
1.883785400390625000e+02
1.888254394531250000e+02
1.905378417968750000e+02
1.917158813476562500e+02
1.922694702148437500e+02
1.923319091796875000e+02
1.925588378906250000e+02
1.921908569335937500e+02
1.918796386718750000e+02
1.910026855468750000e+02
1.901844482421875000e+02
1.897786254882812500e+02
1.896540527343750000e+02
1.897481689453125000e+02
1.900764770507812500e+02
1.902586669921875000e+02
1.907506713867187500e+02
1.911224975585937500e+02
1.912418212890625000e+02
1.913533935546875000e+02
1.916094360351562500e+02
1.916259765625000000e+02
1.915924682617187500e+02
1.915504150390625000e+02
1.916637573242187500e+02
1.912880859375000000e+02
1.899290771484375000e+02
1.881721801757812500e+02
1.880660400390625000e+02
1.878749389648437500e+02
1.879550170898437500e+02
1.879123535156250000e+02
1.884131469726562500e+02
1.889299316406250000e+02
1.886838989257812500e+02
1.880727539062500000e+02
1.873403930664062500e+02
1.867034301757812500e+02
1.863516845703125000e+02
1.863805541992187500e+02
1.864787597656250000e+02
1.865925292968750000e+02
1.874881591796875000e+02
1.879238281250000000e+02
1.882084960937500000e+02
1.883174438476562500e+02
1.884288940429687500e+02
1.888073730468750000e+02
1.890924072265625000e+02
1.892142333984375000e+02
1.894964599609375000e+02
1.890554809570312500e+02
1.878078613281250000e+02
1.867089843750000000e+02
1.866188354492187500e+02
1.868644409179687500e+02
1.873721923828125000e+02
1.874645385742187500e+02
1.877058105468750000e+02
1.874446411132812500e+02
1.867321166992187500e+02
1.863721313476562500e+02
1.872028808593750000e+02
1.875130615234375000e+02
1.877159423828125000e+02
1.882167968750000000e+02
1.889553222656250000e+02
1.898583984375000000e+02
1.908559570312500000e+02
1.916375732421875000e+02
1.922122192382812500e+02
1.925654907226562500e+02
1.920491333007812500e+02
1.918202514648437500e+02
1.915059814453125000e+02
1.911842041015625000e+02
1.908688354492187500e+02
1.883306884765625000e+02
1.862252807617187500e+02
1.853451538085937500e+02
1.851993408203125000e+02
1.855565185546875000e+02
1.859231567382812500e+02
1.863897094726562500e+02
1.865339965820312500e+02
1.869347534179687500e+02
1.870490722656250000e+02
1.872557983398437500e+02
1.872675781250000000e+02
1.876224365234375000e+02
1.881043701171875000e+02
1.883612670898437500e+02
1.884890747070312500e+02
1.887127685546875000e+02
1.888575439453125000e+02
1.888076782226562500e+02
1.890526733398437500e+02
1.898170776367187500e+02
1.902859497070312500e+02
1.904968872070312500e+02
1.903940429687500000e+02
1.899916381835937500e+02
1.874382324218750000e+02
1.849515380859375000e+02
1.843120727539062500e+02
1.844630737304687500e+02
1.851931762695312500e+02
1.851644897460937500e+02
1.852238769531250000e+02
1.854229125976562500e+02
1.858189086914062500e+02
1.861661987304687500e+02
1.869798583984375000e+02
1.875989379882812500e+02
1.887420043945312500e+02
1.898563232421875000e+02
1.912764282226562500e+02
1.918906860351562500e+02
1.921945800781250000e+02
1.923966064453125000e+02
1.923523559570312500e+02
1.922189941406250000e+02
1.905419921875000000e+02
1.895701293945312500e+02
1.889180908203125000e+02
1.878567504882812500e+02
1.862602539062500000e+02
1.843938598632812500e+02
1.839020996093750000e+02
1.840367431640625000e+02
1.851468505859375000e+02
1.859041748046875000e+02
1.862481079101562500e+02
1.867166748046875000e+02
1.869669189453125000e+02
1.868497924804687500e+02
1.867750854492187500e+02
1.880447387695312500e+02
1.889643554687500000e+02
1.894659423828125000e+02
1.894399414062500000e+02
1.894843139648437500e+02
1.895004272460937500e+02
1.894743652343750000e+02
1.893333740234375000e+02
1.889252929687500000e+02
1.884293823242187500e+02
1.882828369140625000e+02
1.885191650390625000e+02
1.889298706054687500e+02
1.887219848632812500e+02
1.871142578125000000e+02
1.853169555664062500e+02
1.850223388671875000e+02
1.857623901367187500e+02
1.864411621093750000e+02
1.866754760742187500e+02
1.858269042968750000e+02
1.857037353515625000e+02
1.861383056640625000e+02
1.862647094726562500e+02
1.863430786132812500e+02
1.868677368164062500e+02
1.873877563476562500e+02
1.875874633789062500e+02
1.879497680664062500e+02
1.884703369140625000e+02
1.887556762695312500e+02
1.887776489257812500e+02
1.887574462890625000e+02
1.881044921875000000e+02
1.878757934570312500e+02
1.880172119140625000e+02
1.883543090820312500e+02
1.887034912109375000e+02
1.889005126953125000e+02
1.886342163085937500e+02
1.880549316406250000e+02
1.863551025390625000e+02
1.844495849609375000e+02
1.839455566406250000e+02
1.841703491210937500e+02
1.843850097656250000e+02
1.849191284179687500e+02
1.850299072265625000e+02
1.850107421875000000e+02
1.850198974609375000e+02
1.856094970703125000e+02
1.855283203125000000e+02
1.856712036132812500e+02
1.855694580078125000e+02
1.856135253906250000e+02
1.857252197265625000e+02
1.860985107421875000e+02
1.862111816406250000e+02
1.856302490234375000e+02
1.849606323242187500e+02
1.849417724609375000e+02
1.850343017578125000e+02
1.853558959960937500e+02
1.859263916015625000e+02
1.863554077148437500e+02
1.863898925781250000e+02
1.871298828125000000e+02
1.878503417968750000e+02
1.893295288085937500e+02
1.901654663085937500e+02
1.907705688476562500e+02
1.908030395507812500e+02
1.909606323242187500e+02
1.903618164062500000e+02
1.884550781250000000e+02
1.853612060546875000e+02
1.842939453125000000e+02
1.847331542968750000e+02
1.852691650390625000e+02
1.851370849609375000e+02
1.844523315429687500e+02
1.845067749023437500e+02
1.846983642578125000e+02
1.842726440429687500e+02
1.839835815429687500e+02
1.840493774414062500e+02
1.842883300781250000e+02
1.844064941406250000e+02
1.844773559570312500e+02
1.846876831054687500e+02
1.851901245117187500e+02
1.855060424804687500e+02
1.858468627929687500e+02
1.859410400390625000e+02
1.862294921875000000e+02
1.861588745117187500e+02
1.860855102539062500e+02
1.862033081054687500e+02
1.867539062500000000e+02
1.877195434570312500e+02
1.886101684570312500e+02
1.895325317382812500e+02
1.903000488281250000e+02
1.906226196289062500e+02
1.897841796875000000e+02
1.870941772460937500e+02
1.856268310546875000e+02
1.848377075195312500e+02
1.850067138671875000e+02
1.855988769531250000e+02
1.855717773437500000e+02
1.852935791015625000e+02
1.851285400390625000e+02
1.858314819335937500e+02
1.865153808593750000e+02
1.871939086914062500e+02
1.876547851562500000e+02
1.880089111328125000e+02
1.883091430664062500e+02
1.883306274414062500e+02
1.888162231445312500e+02
1.891020507812500000e+02
1.892692260742187500e+02
1.895919189453125000e+02
1.894635009765625000e+02
1.889546508789062500e+02
1.881140747070312500e+02
1.875847167968750000e+02
1.873145751953125000e+02
1.865442504882812500e+02
1.855574951171875000e+02
1.858332519531250000e+02
1.857363891601562500e+02
1.849876098632812500e+02
1.830302734375000000e+02
1.826661987304687500e+02
1.835438232421875000e+02
1.849160156250000000e+02
1.856356811523437500e+02
1.867186889648437500e+02
1.862039184570312500e+02
1.859173583984375000e+02
1.864046630859375000e+02
1.868009643554687500e+02
1.863703613281250000e+02
1.866840209960937500e+02
1.878619384765625000e+02
1.880105590820312500e+02
1.874672851562500000e+02
1.877041015625000000e+02
1.885021972656250000e+02
1.888705444335937500e+02
1.888761596679687500e+02
1.893474121093750000e+02
1.897369384765625000e+02
1.897894897460937500e+02
1.895466308593750000e+02
1.893991699218750000e+02
1.891826171875000000e+02
1.890223999023437500e+02
1.891557617187500000e+02
1.893465576171875000e+02
1.887856445312500000e+02
1.870986938476562500e+02
1.856917724609375000e+02
1.852984619140625000e+02
1.848930053710937500e+02
1.846791381835937500e+02
1.847006225585937500e+02
1.846303710937500000e+02
1.846204833984375000e+02
1.850124511718750000e+02
1.854539794921875000e+02
1.848317260742187500e+02
1.845900268554687500e+02
1.850082397460937500e+02
1.859687500000000000e+02
1.863396606445312500e+02
1.869453735351562500e+02
1.879771728515625000e+02
1.891229248046875000e+02
1.901418457031250000e+02
1.906654052734375000e+02
1.916848144531250000e+02
1.923967285156250000e+02
1.919554443359375000e+02
1.914307861328125000e+02
1.914029541015625000e+02
1.918664550781250000e+02
1.928955688476562500e+02
1.936993408203125000e+02
1.943909912109375000e+02
1.942932128906250000e+02
1.923574829101562500e+02
1.909091186523437500e+02
1.900798339843750000e+02
1.899405517578125000e+02
1.902539672851562500e+02
1.908265991210937500e+02
1.913674926757812500e+02
1.917369995117187500e+02
1.919498291015625000e+02
1.921253051757812500e+02
1.920634765625000000e+02
1.920528564453125000e+02
1.921218872070312500e+02
1.920958251953125000e+02
1.920185546875000000e+02
1.920260009765625000e+02
1.920041503906250000e+02
1.914554443359375000e+02
1.905484008789062500e+02
1.902456054687500000e+02
1.905105590820312500e+02
1.908869628906250000e+02
1.911952514648437500e+02
1.907766723632812500e+02
1.904946899414062500e+02
1.906538085937500000e+02
1.908787231445312500e+02
1.911228637695312500e+02
1.896873779296875000e+02
1.874904785156250000e+02
1.856837768554687500e+02
1.850222778320312500e+02
1.849887695312500000e+02
1.852292480468750000e+02
1.852998657226562500e+02
1.856248779296875000e+02
1.862389526367187500e+02
1.868248291015625000e+02
1.872201538085937500e+02
1.875134277343750000e+02
1.872655639648437500e+02
1.872069091796875000e+02
1.872216186523437500e+02
1.871262817382812500e+02
1.871774291992187500e+02
1.873803100585937500e+02
1.877983398437500000e+02
1.888629150390625000e+02
1.895061035156250000e+02
1.897567138671875000e+02
1.896042480468750000e+02
1.900275268554687500e+02
1.902556152343750000e+02
1.906941528320312500e+02
1.908868408203125000e+02
1.910701293945312500e+02
1.903454589843750000e+02
1.882250366210937500e+02
1.858094482421875000e+02
1.851094970703125000e+02
1.852667236328125000e+02
1.865406494140625000e+02
1.870160522460937500e+02
1.879537353515625000e+02
1.883284912109375000e+02
1.887789306640625000e+02
1.892280883789062500e+02
1.898527221679687500e+02
1.902570190429687500e+02
1.906090698242187500e+02
1.910091552734375000e+02
1.908692626953125000e+02
1.906492309570312500e+02
1.903841552734375000e+02
1.901386718750000000e+02
1.901475830078125000e+02
1.906667480468750000e+02
1.905287475585937500e+02
1.905054931640625000e+02
1.905686645507812500e+02
1.906360473632812500e+02
1.907964477539062500e+02
1.909390258789062500e+02
1.912256469726562500e+02
1.911939697265625000e+02
1.902255249023437500e+02
1.884984741210937500e+02
1.875739135742187500e+02
1.878575439453125000e+02
1.888829345703125000e+02
1.902833251953125000e+02
1.905757446289062500e+02
1.905545043945312500e+02
1.904793090820312500e+02
1.904635009765625000e+02
1.901439819335937500e+02
1.895892333984375000e+02
1.893323974609375000e+02
1.890133666992187500e+02
1.889792480468750000e+02
1.890342407226562500e+02
1.891505126953125000e+02
1.892981567382812500e+02
1.894619140625000000e+02
1.893327026367187500e+02
1.892246704101562500e+02
1.890739746093750000e+02
1.892105712890625000e+02
1.892708740234375000e+02
1.895447998046875000e+02
1.900395507812500000e+02
1.903731689453125000e+02
1.902261962890625000e+02
1.890892944335937500e+02
1.866975708007812500e+02
1.851294555664062500e+02
1.851234741210937500e+02
1.856361694335937500e+02
1.866193237304687500e+02
1.870930786132812500e+02
1.874255371093750000e+02
1.880914306640625000e+02
1.885496215820312500e+02
1.890481567382812500e+02
1.889866333007812500e+02
1.887531738281250000e+02
1.883365478515625000e+02
1.880768432617187500e+02
1.881554565429687500e+02
1.885693969726562500e+02
1.889409179687500000e+02
1.892643432617187500e+02
1.894197998046875000e+02
1.896278076171875000e+02
1.895723876953125000e+02
1.895835571289062500e+02
1.894830322265625000e+02
1.895969848632812500e+02
1.899896850585937500e+02
1.898467407226562500e+02
1.898960571289062500e+02
1.898768920898437500e+02
1.890751342773437500e+02
1.868009033203125000e+02
1.849873046875000000e+02
1.846206054687500000e+02
1.853649902343750000e+02
1.858244018554687500e+02
1.863837280273437500e+02
1.868754882812500000e+02
1.871012573242187500e+02
1.869840698242187500e+02
1.871094970703125000e+02
1.873274536132812500e+02
1.875385131835937500e+02
1.878636474609375000e+02
1.881566772460937500e+02
1.882894897460937500e+02
1.885892333984375000e+02
1.888280639648437500e+02
1.893488769531250000e+02
1.895421752929687500e+02
1.904072875976562500e+02
1.905392456054687500e+02
1.911202392578125000e+02
1.909815063476562500e+02
1.910556640625000000e+02
1.911385498046875000e+02
1.914498291015625000e+02
1.917167358398437500e+02
1.918361816406250000e+02
1.917036132812500000e+02
1.914847412109375000e+02
1.904868164062500000e+02
1.885291748046875000e+02
1.879807128906250000e+02
1.881617431640625000e+02
1.883268432617187500e+02
1.883996582031250000e+02
1.884608764648437500e+02
1.884429321289062500e+02
1.879382324218750000e+02
1.879595947265625000e+02
1.877795410156250000e+02
1.876804809570312500e+02
1.875687255859375000e+02
1.878161621093750000e+02
1.876709594726562500e+02
1.877593383789062500e+02
1.878914184570312500e+02
1.881752929687500000e+02
1.885269775390625000e+02
1.894346923828125000e+02
1.896314697265625000e+02
1.898225708007812500e+02
1.898807983398437500e+02
1.897750244140625000e+02
1.895678100585937500e+02
1.893999023437500000e+02
1.888814086914062500e+02
1.881522827148437500e+02
1.874218139648437500e+02
1.865848999023437500e+02
1.848539428710937500e+02
1.832425537109375000e+02
1.826188354492187500e+02
1.828570556640625000e+02
1.832434692382812500e+02
1.838241577148437500e+02
1.842670898437500000e+02
1.849890136718750000e+02
1.854631347656250000e+02
1.855195312500000000e+02
1.853320312500000000e+02
1.852843017578125000e+02
1.851424560546875000e+02
1.853256225585937500e+02
1.857980957031250000e+02
