2.255565657958984375e+05
1.896037345017138932e+03
1.586884112240505374e+03
2.153349812520013984e+03
1.739785864303048129e+03
6.505241518231339342e+02
9.045270563312423064e+02
1.157390930414636614e+03
8.597575199714234486e+02
8.498895500394294231e+02
8.353235909094296403e+02
5.845471585312133129e+02
1.158835291222002979e+03
1.019176395973498416e+03
1.116721852021504219e+03
5.421724556475052168e+02
4.228940748307684885e+02
3.962796663398920600e+02
6.600015113127782342e+02
3.270538349661895836e+02
4.293286748608455810e+02
4.336600373504498407e+02
1.951866395952129096e+02
5.158045235205647714e+02
1.782937048646045639e+02
2.363731413162697947e+02
1.424932441514480388e+02
2.492497603909957036e+02
7.894863937279366439e+01
1.966878877991896104e+02
1.467833849857067321e+02
1.163586842441932276e+02
1.465690121192508002e+02
2.235672492694179709e+02
2.788467126530042606e+02
1.504478879469428954e+01
2.144233205789186627e+02
1.086305196095494807e+02
1.587038534321767145e+02
1.380911956599505572e+02
5.038445626252723173e+02
1.923867804873457317e+02
1.545694452965855703e+02
3.500503128796213446e+02
3.471003974257920390e+02
2.833023181474565035e+02
2.571648489780663454e+02
1.083582951634155904e+02
2.593059928571698265e+02
1.361857709556993257e+02
2.015669770094866635e+02
3.261788201813506589e+02
2.589449477830194724e+02
3.032723195297266443e+02
2.073401102066428905e+02
9.819838035216397998e+01
1.879783799464039760e+02
1.696787590037317557e+02
2.252841502970698002e+02
2.127329734855577215e+02
1.183181399473057809e+02
1.319445963265415855e+02
1.046526658941573515e+02
1.106975954774264608e+02
1.712023548226003982e+02
1.731705176196853415e+02
7.951682307873474542e+01
1.911924698489326033e+02
1.800803726106868510e+02
9.756452614544002699e+01
1.355054760531056388e+02
1.879941321176920326e+02
6.852717742970804693e+01
1.532876692443734896e+02
1.046980532069120642e+02
2.025446669500908854e+02
5.700380293578580648e+01
2.589022267668211441e+01
1.164268679165810170e+02
1.054980859186781288e+02
1.660272237317318229e+02
4.697904440996093456e+01
1.300135088824280558e+02
1.710263778970561646e+02
1.536195621723983891e+02
1.190936062473492569e+02
7.331844348981240955e+01
1.081919942955900638e+02
9.390411254762398130e+01
8.466608711482098215e+01
8.648149826181790445e+01
4.840189452758155397e+01
1.435615081151769630e+02
5.576084480684005484e+01
9.014451156933624532e+01
6.682609445767101874e+01
9.044428202546387752e+01
8.586192168334076769e+01
7.041964256251515053e+01
1.260372587896987397e+02
3.310356052627997769e+01
8.055116922398212864e+01
8.528407972625751654e+01
9.855162676309362269e+01
4.761085041179988764e+01
7.460654041654110813e+01
1.202183915663145939e+02
1.292982993435233254e+02
6.819926372807601922e+01
5.499551332201010467e+01
7.790906841482453160e+01
1.224287632241963450e+02
4.761919443516362094e+01
1.128046539046204799e+02
7.931441220099451073e+01
6.793290405422870037e+01
7.098779793077878253e+01
1.207241713648649153e+02
8.428983204417855291e+01
3.029987693036444796e+01
5.674759518584563978e+01
1.123458619666074441e+02
5.169319212823420884e+01
8.954358164225121186e+01
1.268157958133604382e+02
6.279616678094957649e+01
8.219858333722172006e+01
5.253995122869579149e+01
4.057328746003198461e+01
6.723488463740022780e+01
3.560964104289706000e+01
2.531053201601378788e+01
1.618260266850410645e+01
5.906480752429481385e+01
1.118788257385393337e+01
4.947153499749600769e+01
2.624889845378584496e+01
3.562997971787231677e+01
5.571138268667179716e+01
2.323128877030343631e+01
7.283440681664632166e+01
5.454405315466382120e+01
4.374798123151884965e+01
6.819159275598167369e+01
5.657378734392440833e+01
6.078349009189533092e+01
7.548017219752021845e+01
2.402754964024578754e+01
5.016137681752952204e+01
3.602209116555702906e+01
6.490317660412965495e+01
2.305940084416418046e+01
4.263636884428844809e+01
6.390674987417387598e+01
3.998202881167605938e+01
7.769327946150177411e+01
8.582991379642865581e+01
3.725944792946148709e+01
3.829196682333225965e+01
8.984330858318548962e+01
9.228483007456611631e+01
6.136985014176020314e+01
5.245827839000951798e+01
6.677244420590547236e+01
1.199391170779934725e+02
6.209119207552602404e+01
2.213062575676902100e+01
2.035169628259075125e+01
3.756047201542271807e+01
4.600869194757190250e+00
3.739188261829786342e+01
6.356873736034857103e+01
7.510392054202550582e+01
2.867319083150105286e+01
2.603505700105462495e+01
3.391917055197156827e+01
2.355848293729791720e+01
4.496734722379250826e+01
2.507118186572429153e+01
3.507059087678776876e+01
2.249582770830213718e+01
5.459693442418799947e+01
1.706568951297925452e+01
3.297393754753557005e+01
1.880468367404044372e+01
4.049024017589288604e+01
3.069329960408587965e+01
4.464611516799946855e+01
1.205372361988409047e+01
9.061109102358628320e+00
1.914673365876223698e+01
5.331671662465669925e+01
2.664197992008401528e+01
2.226939624261934014e+01
4.834392088810905364e+01
1.208863413235616591e+01
4.780389021439754060e+01
3.142739106463811893e+01
1.915068262972981117e+01
4.881503906543067473e+01
4.800998973014704774e+01
1.351075240717156412e+01
2.509231604640390501e+01
3.007300085989306382e+01
6.897929935189453943e+01
4.967110412774992056e+01
3.442463894839656291e+01
5.684128582841833577e+01
7.588679306325092000e+01
4.547782295706056743e+01
3.348455921103641231e+01
3.377744425805289552e+01
4.682672927615053027e+01
1.855273051151357322e+01
4.753772506171389978e+01
4.288324691571930458e+01
4.705968211040514149e+01
4.645379752668951312e+01
4.013778280380341101e+01
2.746120585299436812e+01
5.908222935463149383e+01
4.581489471534732871e+01
2.224808434534471857e+01
3.050338532077805453e+01
2.661665597181003307e+01
3.588921439388526125e+01
4.532586523483214336e+01
2.524079485413575696e+01
2.269202672712307134e+01
3.520031343460608753e+01
6.916527810937070697e+00
3.442566560891855687e+01
1.788896861407903671e+01
1.913935959913776585e+01
1.010038236219626917e+01
3.631768432217414500e+01
1.124705649532732998e+01
2.201453080519418393e+01
2.746408307700528795e+01
3.893365804556310650e+01
1.094851030877796028e+01
2.797865767170505080e+01
3.879266595647516169e+01
3.457821066757555428e+01
1.973242760255280359e+01
2.047998877352602776e+01
3.055168663768323611e+01
4.387239580740432388e+01
3.467038917115620933e+01
9.554228693464567712e+00
2.856785575860772752e+01
2.009448805044885233e+01
1.660903968975497591e+01
2.829061205750771180e+01
7.164611639242483676e+00
2.450486900471220864e+01
3.685806902940079510e+01
3.204702012367960862e+01
1.842085867995675130e+01
2.232968146387252872e+01
3.461698855763945204e+01
2.497405164322121252e+01
1.675956758688007753e+01
2.724656211014853469e+01
3.352516673633835609e+01
2.994073340042788089e+01
2.513019717958451693e+01
3.608513444925192459e+01
1.712401269405361148e+01
3.064497888273761461e+01
2.927208944185777284e+01
2.947193836971385039e+01
1.765171341978180664e+01
3.590383056336963818e+01
1.221808511781559226e+01
4.190866671875135552e+01
3.040400053034154482e+01
2.613317149275178153e+01
2.942574313357342319e+01
2.088011048350927368e+01
3.863161714535088276e+00
3.067190136708640580e+01
1.634936643970449310e+01
2.509785115470875283e+01
2.504997590810224750e+01
3.115041139800512582e+01
4.104004117451257372e+00
1.536059671303888230e+01
6.296448166046476835e+00
8.967254545277119959e+00
1.639211249305868279e+01
1.860860811825150307e+01
1.879102009679267837e+01
2.178533103231170998e+01
1.466446131036600420e+01
1.373971881967456810e+01
4.156002564239946295e+00
1.461802400695548876e+01
1.299896056534179323e+01
1.902525771449879244e+01
1.725109856804612463e+01
1.034689388516006936e+01
2.210919559303030013e+01
1.539622419417991317e+01
1.678334528407082615e+01
2.037026699291794429e+01
1.236974438065686854e+01
2.047516233351556281e+01
1.982074769539822512e+01
1.030886641755733990e+01
1.724801622532221401e+01
1.515453466692590645e+01
1.310175970611365415e+01
1.153025995963710848e+01
1.729018056743360177e+01
2.882605868723156917e+01
1.174797115415479887e+01
2.558670034047320385e+01
2.457435419349119599e+01
3.877364970461010074e+01
2.838530032464256081e+01
2.513773339102427684e+01
2.276997851814710216e+01
4.349269005442070579e+01
3.132862782146827030e+01
2.871705357320671581e+01
2.129548191474959751e+01
2.684490284256396819e+01
3.058602105929833925e+01
2.369987786532928808e+01
1.160268546951442481e+01
1.413259379644942904e+01
1.354573852737284589e+01
1.663091372709374127e+01
2.322850326117218245e+01
9.958035714454478438e+00
3.237646793768422526e+01
1.563046050558812894e+01
1.507445052195723356e+01
1.234467231966485201e+01
1.957398892319757877e+01
1.755833736103704723e+01
1.365209159157211438e+01
1.189933942581750337e+01
1.219377337086447532e+01
8.299349054459026931e+00
2.475505511078642584e+01
1.172318454479160721e+01
6.065310419930753483e+00
1.414133023570951231e+01
1.662525876678810022e+01
1.141027404164745640e+01
2.137356172469052851e+01
1.224404220203977189e+01
2.307364594106410038e+01
1.414004103845026883e+01
2.110215755134965221e+01
1.386805056670956660e+01
1.583604875979106374e+01
1.299618170661593908e+01
2.235864420257099638e+01
1.600153526713517849e+01
1.026190234696104220e+01
1.503156765245461024e+01
1.563287321458547829e+01
6.362009033234301114e+00
1.296351259852668214e+01
1.322730307156689022e+01
1.756306659005197446e+01
1.586104567530658116e+01
1.391901333438480393e+01
2.103310358720891315e+01
1.587665179168097573e+01
1.572097934372983374e+01
1.585850591309977631e+01
1.500429132643500374e+01
1.640841383516858798e+01
2.144514150048011913e+01
1.783772450887309802e+01
1.640755039115805047e+01
2.568264812235377903e+01
2.324875802341339082e+01
2.554319604064298588e+01
1.726912343957663865e+01
2.414148805767731076e+01
1.504217967193043570e+01
1.853965909472106688e+01
1.841456053585266872e+01
1.587816804286264016e+01
1.629238821433873241e+01
2.041214831933980278e+01
1.643296266805524652e+01
1.733306010534174391e+01
1.481740087189460731e+01
9.395640317768254590e+00
1.575035952202824063e+01
1.622355193958435038e+01
1.220881972290760764e+01
1.554029976090105514e+01
1.694873594791400961e+01
1.268235572320868343e+01
1.244438810427048381e+01
1.680054956635072116e+01
1.331077002140939136e+01
8.868841858515867926e+00
1.384164278156833028e+01
1.722344541538619112e+01
1.399569634713863842e+01
1.433607038509590659e+01
1.184467514345179673e+01
1.260255057682290314e+01
1.258217567790292080e+01
1.690877014427068659e+01
1.289720862976516536e+01
1.396030144506162252e+01
1.407257462618029287e+01
1.411927379472163402e+01
1.771432883183334184e+01
1.393415598880391393e+01
1.236027281400307309e+01
1.186627892649413774e+01
1.019289027914663492e+01
1.243530229117795649e+01
1.760659572957091967e+01
1.375316970802536609e+01
2.367106652639137465e+01
1.452957592536990816e+01
1.977535121325314194e+01
1.510431193410345507e+01
1.345589721779467673e+01
1.524476535270528998e+01
1.869754290320461010e+01
1.547460711538861489e+01
1.754060734716726699e+01
1.660264325433556465e+01
2.074703491240353159e+01
1.000412735173556200e+01
1.406163916917371814e+01
1.851403793806625231e+01
2.129326054134730839e+01
9.946720710797890774e+00
1.763194536547959501e+01
1.456673440870999592e+01
1.575118640572299533e+01
1.321147528727707154e+01
1.599412445970922114e+01
1.402367344599622356e+01
1.335612206138407032e+01
1.010551256666130193e+01
1.338130845289116877e+01
1.513356203305154146e+01
1.501603682395263029e+01
1.255232519499087296e+01
1.362839964331096887e+01
9.744275828606403067e+00
1.426586758655629517e+01
1.388200290396077818e+01
1.033255998384855978e+01
1.133341021550686811e+01
1.180341025271809663e+01
1.440610974617871420e+01
1.374194535516270754e+01
1.183580120158857341e+01
1.410765687556947867e+01
8.540998745134796621e+00
8.354531764098704016e+00
1.140565915252415152e+01
1.288636124118491466e+01
1.382628519007858969e+01
1.211632259230716713e+01
1.538756868202660755e+01
1.074518653271755220e+01
1.564658518644548479e+01
1.665164447868337660e+01
1.492671508760622423e+01
1.404107575504452221e+01
1.699502099696952939e+01
1.497616068942470413e+01
1.926993047000301473e+01
1.499481445280322056e+01
1.509525734457531776e+01
1.475404738908465241e+01
1.623110885314830298e+01
1.477693220880622249e+01
2.000650541654878367e+01
1.537646411648893263e+01
1.544648249563652520e+01
1.285951390728120636e+01
1.211509007474636590e+01
1.527108749558499312e+01
1.436180907648347826e+01
1.307521527387986282e+01
1.655713789124214586e+01
1.385647876241376153e+01
1.657927460093820926e+01
1.153850948077731431e+01
1.271570965975117673e+01
1.148736336136048664e+01
2.044127022913206915e+01
1.557678208143572718e+01
1.620684593060111567e+01
1.551110409597009543e+01
1.174932922320750883e+01
1.091878729570672313e+01
1.661214131296163288e+01
1.194132937228672198e+01
1.640296156483309531e+01
7.187060980741163618e+00
1.406493698485276944e+01
1.531344474799198885e+01
1.426907493234390500e+01
9.322292677341955880e+00
1.388222447027033724e+01
9.446777649198702775e+00
1.237100682166635401e+01
9.105352732643121172e+00
1.036614913492350354e+01
1.321657061126357036e+01
1.121196743787514194e+01
1.222337914692027994e+01
1.173438934715404969e+01
1.247422445598494889e+01
1.526993865656357841e+01
1.491045309353287074e+01
1.343255654250450881e+01
1.067569654338146279e+01
1.542941493316714840e+01
1.495817332306470959e+01
1.247014081717806810e+01
2.116419973027046808e+01
1.521509138246086223e+01
1.091375249323606766e+01
1.958838010767817650e+01
1.297229728847918473e+01
1.551093109861851893e+01
1.332774232210268295e+01
1.687859112916696347e+01
1.520899688925886117e+01
1.297062010859753478e+01
1.741691885621426650e+01
1.270396060028410012e+01
1.223583978587755716e+01
1.178512605752633924e+01
1.796600798332131532e+01
1.489124879638665533e+01
1.614902301183613531e+01
1.454912640351011355e+01
1.262991200346472986e+01
1.241270201331836631e+01
1.548007718863328463e+01
1.177595680843522352e+01
9.422835624188392600e+00
1.307792174956497355e+01
1.148516895437710161e+01
1.617855123178955523e+01
7.175123146922246953e+00
9.802382976925690272e+00
1.017874991491976822e+01
1.280320102543443461e+01
9.067245646370947654e+00
1.381322587048840589e+01
1.318974942101658243e+01
1.464190338638970168e+01
1.109974919669130600e+01
1.293320399772258966e+01
9.018326720766676630e+00
1.272544193806900914e+01
1.612434893779539991e+01
1.224821729063926767e+01
1.391952478365107559e+01
1.602026580808550804e+01
1.639261629493695693e+01
1.313227537302836545e+01
1.175212776145558458e+01
1.243586676696087601e+01
1.540676112179953705e+01
1.348418884644953941e+01
1.256965814227170242e+01
1.301713529682984927e+01
1.362170363435982168e+01
1.162102785328399790e+01
1.134492923025008260e+01
8.362213793204590573e+00
1.314672754448616843e+01
1.240202212456997088e+01
1.510874830883770947e+01
1.557987678779521801e+01
1.274029778081189512e+01
1.576714274870505150e+01
1.804396895499239051e+01
1.196801813218290889e+01
1.374626105573886470e+01
1.537396742506414604e+01
1.397141595299763850e+01
1.670073233603167751e+01
1.912073867393381121e+01
1.199108426670549754e+01
1.162736408947210442e+01
1.377154194205569482e+01
1.260754394531247691e+01
1.377154194205569482e+01
1.162736408947158573e+01
1.199108426670549754e+01
1.912073867393383608e+01
1.670073233603167751e+01
1.397141595299738448e+01
1.537396742506414604e+01
1.374626105573930879e+01
1.196801813218290889e+01
1.804396895499191089e+01
1.576714274870505150e+01
1.274029778081184183e+01
1.557987678779521801e+01
1.510874830883723519e+01
1.240202212456997088e+01
1.314672754448625724e+01
8.362213793204590573e+00
1.134492923025011279e+01
1.162102785328399790e+01
1.362170363435945397e+01
1.301713529682984927e+01
1.256965814227155498e+01
1.348418884644953941e+01
1.540676112179975732e+01
1.243586676696087601e+01
1.175212776145530746e+01
1.313227537302836545e+01
1.639261629493659456e+01
1.602026580808550804e+01
1.391952478365092638e+01
1.224821729063926767e+01
1.612434893779553136e+01
1.272544193806900914e+01
9.018326720766584259e+00
1.293320399772258966e+01
1.109974919669115856e+01
1.464190338638970168e+01
1.318974942101644210e+01
1.381322587048840589e+01
9.067245646370867718e+00
1.280320102543443461e+01
1.017874991491966519e+01
9.802382976925690272e+00
7.175123146922185668e+00
1.617855123178955523e+01
1.148516895437741248e+01
1.307792174956497355e+01
9.422835624188504511e+00
1.177595680843522352e+01
1.548007718863346760e+01
1.241270201331836631e+01
1.262991200346491105e+01
1.454912640351011355e+01
1.614902301183647992e+01
1.489124879638665533e+01
1.796600798332151427e+01
1.178512605752633924e+01
1.223583978587770638e+01
1.270396060028410012e+01
1.741691885621472835e+01
1.297062010859753478e+01
1.520899688925929638e+01
1.687859112916696347e+01
1.332774232210309329e+01
1.551093109861851893e+01
1.297229728847927355e+01
1.958838010767817650e+01
1.091375249323656327e+01
1.521509138246086223e+01
2.116419973027036150e+01
1.247014081717806810e+01
1.495817332306457281e+01
1.542941493316714840e+01
1.067569654338109331e+01
1.343255654250450881e+01
1.491045309353308568e+01
1.526993865656357841e+01
1.247422445598518870e+01
1.173438934715404969e+01
1.222337914692049843e+01
1.121196743787514194e+01
1.321657061126400734e+01
1.036614913492350354e+01
9.105352732643357427e+00
1.237100682166635401e+01
9.446777649198667248e+00
1.388222447027033724e+01
9.322292677342671752e+00
1.426907493234390500e+01
1.531344474799213629e+01
1.406493698485276944e+01
7.187060980741642346e+00
1.640296156483309531e+01
1.194132937228755864e+01
1.661214131296163288e+01
1.091878729570732709e+01
1.174932922320750883e+01
1.551110409597023754e+01
1.620684593060111567e+01
1.557678208143626186e+01
2.044127022913206915e+01
1.148736336136100533e+01
1.271570965975117673e+01
1.153850948077784722e+01
1.657927460093820926e+01
1.385647876241408305e+01
1.655713789124214586e+01
1.307521527388033178e+01
1.436180907648347826e+01
1.527108749558539813e+01
1.211509007474636590e+01
1.285951390728147281e+01
1.544648249563652520e+01
1.537646411648938738e+01
2.000650541654878367e+01
1.477693220880677494e+01
1.623110885314830298e+01
1.475404738908502900e+01
1.509525734457531776e+01
1.499481445280295766e+01
1.926993047000301473e+01
1.497616068942510914e+01
1.699502099696952939e+01
1.404107575504490768e+01
1.492671508760622423e+01
1.665164447868393793e+01
1.564658518644548479e+01
1.074518653271782576e+01
1.538756868202660755e+01
1.211632259230732345e+01
1.382628519007858969e+01
1.288636124118514736e+01
1.140565915252415152e+01
8.354531764098876323e+00
8.540998745134796621e+00
1.410765687556969716e+01
1.183580120158857341e+01
1.374194535516307170e+01
1.440610974617871420e+01
1.180341025271894573e+01
1.133341021550686811e+01
1.033255998384874808e+01
1.388200290396077818e+01
1.426586758655694709e+01
9.744275828606403067e+00
1.362839964331171672e+01
1.255232519499087296e+01
1.501603682395315076e+01
1.513356203305154146e+01
1.338130845289183490e+01
1.010551256666130193e+01
1.335612206138494962e+01
1.402367344599622356e+01
1.599412445971001517e+01
1.321147528727707154e+01
1.575118640572347672e+01
1.456673440870999592e+01
1.763194536547992186e+01
9.946720710797890774e+00
2.129326054134767432e+01
1.851403793806625231e+01
1.406163916917440382e+01
1.000412735173556200e+01
2.074703491240400410e+01
1.660264325433556465e+01
1.754060734716768266e+01
1.547460711538861489e+01
1.869754290320483037e+01
1.524476535270528998e+01
1.345589721779546011e+01
1.510431193410345507e+01
1.977535121325351852e+01
1.452957592536990816e+01
2.367106652639161268e+01
1.375316970802536609e+01
1.760659572957107244e+01
1.243530229117795649e+01
1.019289027914642176e+01
1.186627892649413774e+01
1.236027281400269473e+01
1.393415598880391393e+01
1.771432883183388896e+01
1.411927379472163402e+01
1.407257462618085775e+01
1.396030144506162252e+01
1.289720862976555971e+01
1.690877014427068659e+01
1.258217567790338087e+01
1.260255057682290314e+01
1.184467514345211647e+01
1.433607038509590659e+01
1.399569634713950883e+01
1.722344541538619112e+01
1.384164278156888983e+01
8.868841858515867926e+00
1.331077002140981946e+01
1.680054956635072116e+01
1.244438810427121034e+01
1.268235572320868343e+01
1.694873594791415528e+01
1.554029976090105514e+01
1.220881972290885464e+01
1.622355193958435038e+01
1.575035952202873091e+01
9.395640317768254590e+00
1.481740087189511001e+01
1.733306010534174391e+01
1.643296266805639050e+01
2.041214831933980278e+01
1.629238821433966322e+01
1.587816804286264016e+01
1.841456053585330821e+01
1.853965909472106688e+01
1.504217967193118888e+01
2.414148805767731076e+01
1.726912343957743445e+01
2.554319604064298588e+01
2.324875802341404096e+01
2.568264812235377903e+01
1.640755039115853364e+01
1.783772450887309802e+01
2.144514150048072310e+01
1.640841383516858798e+01
1.500429132643528618e+01
1.585850591309977631e+01
1.572097934373035422e+01
1.587665179168097573e+01
2.103310358720954909e+01
1.391901333438480393e+01
1.586104567530678544e+01
1.756306659005197446e+01
1.322730307156771445e+01
1.296351259852668214e+01
6.362009033234393485e+00
1.563287321458547829e+01
1.503156765245516446e+01
1.026190234696104220e+01
1.600153526713558350e+01
2.235864420257099638e+01
1.299618170661636540e+01
1.583604875979106374e+01
1.386805056671002312e+01
2.110215755134965221e+01
1.414004103845056015e+01
2.307364594106410038e+01
1.224404220204016447e+01
2.137356172469052851e+01
1.141027404164792003e+01
1.662525876678810022e+01
1.414133023571042713e+01
6.065310419930753483e+00
1.172318454479252914e+01
2.475505511078642584e+01
8.299349054459824515e+00
1.219377337086447532e+01
1.189933942581823345e+01
1.365209159157211438e+01
1.755833736103808818e+01
1.957398892319757877e+01
1.234467231966585565e+01
1.507445052195723356e+01
1.563046050558902600e+01
3.237646793768422526e+01
9.958035714455450105e+00
2.322850326117218245e+01
1.663091372709466853e+01
1.354573852737284589e+01
1.413259379645058367e+01
1.160268546951442481e+01
2.369987786532999152e+01
3.058602105929833925e+01
2.684490284256490966e+01
2.129548191474959751e+01
2.871705357320744767e+01
3.132862782146827030e+01
4.349269005442175029e+01
2.276997851814710216e+01
2.513773339102530713e+01
2.838530032464256081e+01
3.877364970461081128e+01
2.457435419349119599e+01
2.558670034047409914e+01
1.174797115415479887e+01
2.882605868723181075e+01
1.729018056743360177e+01
1.153025995963723283e+01
1.310175970611365415e+01
1.515453466692593842e+01
1.724801622532221401e+01
1.030886641755811262e+01
1.982074769539822512e+01
2.047516233351554860e+01
1.236974438065686854e+01
2.037026699291865484e+01
1.678334528407082615e+01
1.539622419418089017e+01
2.210919559303030013e+01
1.034689388516097175e+01
1.725109856804612463e+01
1.902525771449873204e+01
1.299896056534179323e+01
1.461802400695614246e+01
4.156002564239946295e+00
1.373971881967571562e+01
1.466446131036600420e+01
2.178533103231237433e+01
1.879102009679267837e+01
1.860860811825224914e+01
1.639211249305868279e+01
8.967254545278118272e+00
6.296448166046476835e+00
1.536059671303995700e+01
4.104004117451257372e+00
3.115041139800631953e+01
2.504997590810224750e+01
2.509785115470904415e+01
1.634936643970449310e+01
3.067190136708755688e+01
3.863161714535088276e+00
2.088011048350986698e+01
2.942574313357342319e+01
2.613317149275281892e+01
3.040400053034154482e+01
4.190866671875226501e+01
1.221808511781559226e+01
3.590383056337049084e+01
1.765171341978180664e+01
2.947193836971490910e+01
2.927208944185777284e+01
3.064497888273855608e+01
1.712401269405361148e+01
3.608513444925272040e+01
2.513019717958451693e+01
2.994073340042815801e+01
3.352516673633835609e+01
2.724656211014934470e+01
1.675956758688007753e+01
2.497405164322180582e+01
3.461698855763945204e+01
2.232968146387344177e+01
1.842085867995675130e+01
3.204702012367959441e+01
3.685806902940079510e+01
2.450486900471266694e+01
7.164611639242483676e+00
2.829061205750864261e+01
1.660903968975497591e+01
2.009448805045003539e+01
2.856785575860772752e+01
9.554228693465281808e+00
3.467038917115620933e+01
4.387239580740511258e+01
3.055168663768323611e+01
2.047998877352638658e+01
1.973242760255280359e+01
3.457821066757623640e+01
3.879266595647516169e+01
2.797865767170643281e+01
1.094851030877796028e+01
3.893365804556363230e+01
2.746408307700528795e+01
2.201453080519427985e+01
1.124705649532732998e+01
3.631768432217535292e+01
1.010038236219626917e+01
1.913935959913871443e+01
1.788896861407903671e+01
3.442566560891961558e+01
6.916527810937070697e+00
3.520031343460731676e+01
2.269202672712307134e+01
2.524079485413684054e+01
4.532586523483214336e+01
3.588921439388620627e+01
2.661665597181003307e+01
3.050338532077932285e+01
2.224808434534471857e+01
4.581489471534811742e+01
5.908222935463149383e+01
2.746120585299562222e+01
4.013778280380341101e+01
4.645379752669045104e+01
4.705968211040514149e+01
4.288324691572044856e+01
4.753772506171389978e+01
1.855273051151413810e+01
4.682672927615053027e+01
3.377744425805354922e+01
3.348455921103641231e+01
4.547782295706148403e+01
7.588679306325092000e+01
5.684128582841943711e+01
3.442463894839656291e+01
4.967110412775058137e+01
6.897929935189453943e+01
3.007300085989371041e+01
2.509231604640390501e+01
1.351075240717031711e+01
4.800998973014704774e+01
4.881503906543068894e+01
1.915068262972981117e+01
3.142739106463861987e+01
4.780389021439754060e+01
1.208863413235502904e+01
4.834392088810905364e+01
2.226939624262010398e+01
2.664197992008401528e+01
5.331671662465775086e+01
1.914673365876223698e+01
9.061109102358935630e+00
1.205372361988409047e+01
4.464611516800055568e+01
3.069329960408587965e+01
4.049024017589385238e+01
1.880468367404044372e+01
3.297393754753610295e+01
1.706568951297925452e+01
5.459693442418915055e+01
2.249582770830213718e+01
3.507059087678874221e+01
2.507118186572429153e+01
4.496734722379366644e+01
2.355848293729791720e+01
3.391917055197254882e+01
2.603505700105462495e+01
2.867319083150204762e+01
7.510392054202550582e+01
6.356873736034940237e+01
3.739188261829786342e+01
4.600869194756094238e+00
3.756047201542271807e+01
2.035169628258997321e+01
2.213062575676902100e+01
6.209119207552720354e+01
1.199391170779934725e+02
6.677244420590662344e+01
5.245827839000951798e+01
6.136985014176130449e+01
9.228483007456611631e+01
8.984330858318652702e+01
3.829196682333225965e+01
3.725944792946219053e+01
8.582991379642865581e+01
7.769327946150291098e+01
3.998202881167605938e+01
6.390674987417503417e+01
4.263636884428844809e+01
2.305940084416397085e+01
6.490317660412965495e+01
3.602209116555743407e+01
5.016137681752952204e+01
2.402754964024681783e+01
7.548017219752021845e+01
6.078349009189616936e+01
5.657378734392440833e+01
6.819159275598256897e+01
4.374798123151884965e+01
5.454405315466358672e+01
7.283440681664632166e+01
2.323128877030429607e+01
5.571138268667179716e+01
3.562997971787221019e+01
2.624889845378584496e+01
4.947153499749607164e+01
1.118788257385393337e+01
5.906480752429568781e+01
1.618260266850410645e+01
2.531053201601250890e+01
3.560964104289706000e+01
6.723488463740126519e+01
4.057328746003198461e+01
5.253995122869690704e+01
8.219858333722172006e+01
6.279616678094943438e+01
1.268157958133604382e+02
8.954358164225092764e+01
5.169319212823420884e+01
1.123458619666087088e+02
5.674759518584563978e+01
3.029987693036447993e+01
8.428983204417855291e+01
1.207241713648659669e+02
7.098779793077878253e+01
6.793290405422966671e+01
7.931441220099451073e+01
1.128046539046217021e+02
4.761919443516362094e+01
1.224287632241969703e+02
7.790906841482453160e+01
5.499551332201091469e+01
6.819926372807601922e+01
1.292982993435242349e+02
1.202183915663145939e+02
7.460654041654169077e+01
4.761085041179988764e+01
9.855162676309407743e+01
8.528407972625751654e+01
8.055116922398281076e+01
3.310356052627997769e+01
1.260372587896999050e+02
7.041964256251515053e+01
8.586192168334079611e+01
9.044428202546387752e+01
6.682609445767150191e+01
9.014451156933624532e+01
5.576084480684006195e+01
1.435615081151769630e+02
4.840189452758193767e+01
8.648149826181790445e+01
8.466608711482217586e+01
9.390411254762398130e+01
1.081919942955898364e+02
7.331844348981240955e+01
1.190936062473490011e+02
1.536195621723983891e+02
1.710263778970554256e+02
1.300135088824280558e+02
4.697904440996061481e+01
1.660272237317318229e+02
1.054980859186790099e+02
1.164268679165810170e+02
2.589022267668160993e+01
5.700380293578580648e+01
2.025446669500914822e+02
1.046980532069120642e+02
1.532876692443744275e+02
6.852717742970804693e+01
1.879941321176931979e+02
1.355054760531056388e+02
9.756452614544068069e+01
1.800803726106868510e+02
1.911924698489336834e+02
7.951682307873474542e+01
1.731705176196863647e+02
1.712023548226003982e+02
1.106975954774275692e+02
1.046526658941573515e+02
1.319445963265428361e+02
1.183181399473057809e+02
2.127329734855589152e+02
2.252841502970698002e+02
1.696787590037328926e+02
1.879783799464039760e+02
9.819838035216515948e+01
2.073401102066428905e+02
3.032723195297275538e+02
2.589449477830194724e+02
3.261788201813519095e+02
2.015669770094866635e+02
1.361857709557004341e+02
2.593059928571698265e+02
1.083582951634165568e+02
2.571648489780663454e+02
2.833023181474575836e+02
3.471003974257920390e+02
3.500503128796236183e+02
1.545694452965855703e+02
1.923867804873446801e+02
5.038445626252723173e+02
1.380911956599511257e+02
1.587038534321767145e+02
1.086305196095486707e+02
2.144233205789186627e+02
1.504478879469562003e+01
2.788467126530042606e+02
2.235672492694187667e+02
1.465690121192508002e+02
1.163586842441917497e+02
1.467833849857067321e+02
1.966878877991905483e+02
7.894863937279366439e+01
2.492497603909945383e+02
1.424932441514480388e+02
2.363731413162699937e+02
1.782937048646045639e+02
5.158045235205655672e+02
1.951866395952129096e+02
4.336600373504506933e+02
4.293286748608455810e+02
3.270538349661911184e+02
6.600015113127782342e+02
3.962796663398931969e+02
4.228940748307684885e+02
5.421724556475070358e+02
1.116721852021504219e+03
1.019176395973499666e+03
1.158835291222002979e+03
5.845471585312138814e+02
8.353235909094296403e+02
8.498895500394297642e+02
8.597575199714234486e+02
1.157390930414638888e+03
9.045270563312423064e+02
6.505241518231364353e+02
1.739785864303048129e+03
2.153349812520011255e+03
1.586884112240505374e+03
1.896037345017142343e+03
