7.227642822265625000e+01 1.136688232421875000e+01 2.261962890625000000e-01
7.227642822265625000e+01 1.136688232421875000e+01 2.261962890625000000e-01
7.227642822265625000e+01 1.136688232421875000e+01 2.261962890625000000e-01
7.167846679687500000e+01 1.070825195312500000e+01 1.538085937500000000e-01
7.131457519531250000e+01 1.039306640625000000e+01 1.069946289062500000e-01
7.081701660156250000e+01 1.042071533203125000e+01 9.704589843750000000e-02
6.999877929687500000e+01 1.046423339843750000e+01 6.439208984375000000e-02
6.976745605468750000e+01 1.042333984375000000e+01 6.079101562500000000e-02
6.965057373046875000e+01 1.003393554687500000e+01 2.239990234375000000e-02
6.953192138671875000e+01 9.605773925781250000e+00 1.281738281250000000e-02
6.966998291015625000e+01 9.832702636718750000e+00 2.569580078125000000e-02
7.081597900390625000e+01 1.084057617187500000e+01 1.757812500000000000e-01
7.084838867187500000e+01 1.108416748046875000e+01 1.568603515625000000e-01
7.155505371093750000e+01 1.182617187500000000e+01 3.281860351562500000e-01
7.236724853515625000e+01 1.278320312500000000e+01 4.514770507812500000e-01
7.323718261718750000e+01 1.342047119140625000e+01 6.961669921875000000e-01
7.321740722656250000e+01 1.320074462890625000e+01 6.201782226562500000e-01
7.156207275390625000e+01 1.342712402343750000e+01 4.686889648437500000e-01
7.071411132812500000e+01 1.358007812500000000e+01 4.854736328125000000e-01
7.022796630859375000e+01 1.393371582031250000e+01 5.597534179687500000e-01
6.996356201171875000e+01 1.387762451171875000e+01 5.011596679687500000e-01
6.986260986328125000e+01 1.377435302734375000e+01 3.786010742187500000e-01
6.986834716796875000e+01 1.374957275390625000e+01 3.510742187500000000e-01
7.019390869140625000e+01 1.427795410156250000e+01 4.160156250000000000e-01
7.081213378906250000e+01 1.478442382812500000e+01 5.740356445312500000e-01
7.125732421875000000e+01 1.505468750000000000e+01 6.425781250000000000e-01
7.192041015625000000e+01 1.546929931640625000e+01 8.247070312500000000e-01
7.193200683593750000e+01 1.576379394531250000e+01 9.633789062500000000e-01
7.117938232421875000e+01 1.609167480468750000e+01 9.201049804687500000e-01
7.072436523437500000e+01 1.606353759765625000e+01 9.409179687500000000e-01
7.052441406250000000e+01 1.610083007812500000e+01 8.496093750000000000e-01
7.066790771484375000e+01 1.617687988281250000e+01 8.784179687500000000e-01
7.064178466796875000e+01 1.584844970703125000e+01 8.483886718750000000e-01
7.047930908203125000e+01 1.550054931640625000e+01 7.837524414062500000e-01
7.058898925781250000e+01 1.577380371093750000e+01 8.693237304687500000e-01
7.073217773437500000e+01 1.601544189453125000e+01 8.746337890625000000e-01
7.049243164062500000e+01 1.569335937500000000e+01 8.149414062500000000e-01
7.092901611328125000e+01 1.532244873046875000e+01 7.435302734375000000e-01
7.111138916015625000e+01 1.532482910156250000e+01 7.199707031250000000e-01
7.121051025390625000e+01 1.558142089843750000e+01 7.297363281250000000e-01
7.118591308593750000e+01 1.554949951171875000e+01 7.254638671875000000e-01
7.144177246093750000e+01 1.535803222656250000e+01 8.347167968750000000e-01
7.157250976562500000e+01 1.507598876953125000e+01 8.109741210937500000e-01
7.163891601562500000e+01 1.521588134765625000e+01 9.024658203125000000e-01
7.168572998046875000e+01 1.538159179687500000e+01 9.899902343750000000e-01
7.158355712890625000e+01 1.528912353515625000e+01 8.829345703125000000e-01
7.135272216796875000e+01 1.457177734375000000e+01 7.303466796875000000e-01
7.117828369140625000e+01 1.468096923828125000e+01 6.728515625000000000e-01
7.091180419921875000e+01 1.471759033203125000e+01 6.570434570312500000e-01
7.037872314453125000e+01 1.471820068359375000e+01 8.059082031250000000e-01
7.023803710937500000e+01 1.464904785156250000e+01 7.149047851562500000e-01
6.994403076171875000e+01 1.485028076171875000e+01 7.045288085937500000e-01
6.938677978515625000e+01 1.461334228515625000e+01 5.428466796875000000e-01
6.863812255859375000e+01 1.420465087890625000e+01 3.321533203125000000e-01
6.839147949218750000e+01 1.404644775390625000e+01 2.695312500000000000e-01
6.854718017578125000e+01 1.402917480468750000e+01 2.940673828125000000e-01
6.863830566406250000e+01 1.398724365234375000e+01 3.385009765625000000e-01
6.839819335937500000e+01 1.364453125000000000e+01 2.673950195312500000e-01
6.822760009765625000e+01 1.337432861328125000e+01 2.247924804687500000e-01
6.845751953125000000e+01 1.335998535156250000e+01 3.026733398437500000e-01
6.920190429687500000e+01 1.334948730468750000e+01 3.439941406250000000e-01
6.884130859375000000e+01 1.316479492187500000e+01 2.792358398437500000e-01
6.870379638671875000e+01 1.305883789062500000e+01 2.936401367187500000e-01
6.869793701171875000e+01 1.321154785156250000e+01 2.419433593750000000e-01
6.869018554687500000e+01 1.333331298828125000e+01 2.885131835937500000e-01
6.838604736328125000e+01 1.315911865234375000e+01 2.111816406250000000e-01
6.820349121093750000e+01 1.299890136718750000e+01 1.638183593750000000e-01
6.815765380859375000e+01 1.276013183593750000e+01 1.279296875000000000e-01
6.819421386718750000e+01 1.257647705078125000e+01 1.432495117187500000e-01
6.837347412109375000e+01 1.245422363281250000e+01 1.108398437500000000e-01
6.848510742187500000e+01 1.226947021484375000e+01 1.915283203125000000e-01
6.804168701171875000e+01 1.206207275390625000e+01 1.532592773437500000e-01
6.737066650390625000e+01 1.204425048828125000e+01 1.032104492187500000e-01
6.673071289062500000e+01 1.208001708984375000e+01 7.067871093750000000e-02
6.611273193359375000e+01 1.197491455078125000e+01 5.450439453125000000e-02
6.582501220703125000e+01 1.188702392578125000e+01 9.436035156250000000e-02
6.578887939453125000e+01 1.201129150390625000e+01 8.715820312500000000e-02
6.690087890625000000e+01 1.179718017578125000e+01 5.706787109375000000e-02
6.739978027343750000e+01 1.139483642578125000e+01 5.432128906250000000e-02
6.772143554687500000e+01 1.061151123046875000e+01 3.356933593750000000e-03
6.780828857421875000e+01 1.062554931640625000e+01 1.831054687500000000e-03
6.788421630859375000e+01 1.079418945312500000e+01 2.868652343750000000e-03
6.753692626953125000e+01 1.098016357421875000e+01 2.685546875000000000e-03
6.697399902343750000e+01 1.120269775390625000e+01 2.014160156250000000e-02
6.721496582031250000e+01 1.147760009765625000e+01 2.032470703125000000e-02
6.745629882812500000e+01 1.166271972656250000e+01 6.091308593750000000e-02
6.762335205078125000e+01 1.174633789062500000e+01 7.562255859375000000e-02
6.771844482421875000e+01 1.127032470703125000e+01 4.180908203125000000e-02
6.822009277343750000e+01 1.069140625000000000e+01 1.629638671875000000e-02
6.863793945312500000e+01 1.077227783203125000e+01 2.410888671875000000e-02
6.999029541015625000e+01 1.129449462890625000e+01 6.396484375000000000e-02
6.990783691406250000e+01 1.118371582031250000e+01 5.902099609375000000e-02
6.711456298828125000e+01 1.031140136718750000e+01 2.441406250000000000e-04
6.604492187500000000e+01 1.081738281250000000e+01 2.441406250000000000e-04
6.694140625000000000e+01 1.212719726562500000e+01 1.032104492187500000e-01
6.668542480468750000e+01 1.170178222656250000e+01 1.849365234375000000e-02
6.557513427734375000e+01 1.059710693359375000e+01 1.586914062500000000e-03
6.501141357421875000e+01 1.077703857421875000e+01 1.403808593750000000e-03
6.610784912109375000e+01 1.169323730468750000e+01 4.388427734375000000e-02
6.640814208984375000e+01 1.190985107421875000e+01 1.536865234375000000e-01
6.670172119140625000e+01 1.207281494140625000e+01 2.150878906250000000e-01
6.667407226562500000e+01 1.208856201171875000e+01 2.236938476562500000e-01
6.660388183593750000e+01 1.213995361328125000e+01 2.213745117187500000e-01
6.646972656250000000e+01 1.201330566406250000e+01 1.778564453125000000e-01
6.620092773437500000e+01 1.183392333984375000e+01 1.253662109375000000e-01
6.613079833984375000e+01 1.191265869140625000e+01 5.249023437500000000e-02
6.618225097656250000e+01 1.209143066406250000e+01 6.665039062500000000e-02
6.665014648437500000e+01 1.222998046875000000e+01 1.372680664062500000e-01
6.687603759765625000e+01 1.235375976562500000e+01 1.537475585937500000e-01
6.692718505859375000e+01 1.243170166015625000e+01 1.671752929687500000e-01
6.771472167968750000e+01 1.282342529296875000e+01 3.101806640625000000e-01
6.940716552734375000e+01 1.413500976562500000e+01 5.109863281250000000e-01
6.646295166015625000e+01 1.131597900390625000e+01 1.843261718750000000e-02
6.611462402343750000e+01 1.322540283203125000e+01 2.211914062500000000e-01
6.790216064453125000e+01 1.492230224609375000e+01 4.615478515625000000e-01
6.814044189453125000e+01 1.520056152343750000e+01 5.249023437500000000e-01
6.661639404296875000e+01 1.289709472656250000e+01 1.386108398437500000e-01
6.433312988281250000e+01 1.239971923828125000e+01 5.157470703125000000e-02
6.412896728515625000e+01 1.401623535156250000e+01 2.806396484375000000e-01
6.568731689453125000e+01 1.462109375000000000e+01 4.263916015625000000e-01
6.604199218750000000e+01 1.451910400390625000e+01 4.380493164062500000e-01
6.523266601562500000e+01 1.392767333984375000e+01 3.070678710937500000e-01
6.482055664062500000e+01 1.387408447265625000e+01 3.655395507812500000e-01
6.464025878906250000e+01 1.360473632812500000e+01 2.714843750000000000e-01
6.472955322265625000e+01 1.324438476562500000e+01 1.980590820312500000e-01
6.431951904296875000e+01 1.298767089843750000e+01 2.498779296875000000e-01
6.406402587890625000e+01 1.280291748046875000e+01 2.268066406250000000e-01
6.452984619140625000e+01 1.229730224609375000e+01 1.030273437500000000e-01
6.529296875000000000e+01 1.185302734375000000e+01 5.352783203125000000e-02
6.563256835937500000e+01 1.179382324218750000e+01 4.974365234375000000e-02
6.563287353515625000e+01 1.158312988281250000e+01 4.260253906250000000e-02
6.558001708984375000e+01 1.111907958984375000e+01 3.308105468750000000e-02
6.556604003906250000e+01 1.100805664062500000e+01 1.959228515625000000e-02
6.574566650390625000e+01 1.100646972656250000e+01 2.435302734375000000e-02
6.584051513671875000e+01 1.091082763671875000e+01 3.314208984375000000e-02
6.569989013671875000e+01 1.082586669921875000e+01 2.758789062500000000e-02
6.581982421875000000e+01 1.080566406250000000e+01 3.930664062500000000e-02
6.593420410156250000e+01 1.090045166015625000e+01 4.168701171875000000e-02
6.593621826171875000e+01 1.088574218750000000e+01 4.632568359375000000e-02
6.586767578125000000e+01 1.082617187500000000e+01 4.461669921875000000e-02
6.636145019531250000e+01 1.115795898437500000e+01 5.096435546875000000e-02
6.726702880859375000e+01 1.162408447265625000e+01 1.013183593750000000e-01
6.745312500000000000e+01 1.161187744140625000e+01 1.187133789062500000e-01
6.738854980468750000e+01 1.156384277343750000e+01 6.665039062500000000e-02
6.734521484375000000e+01 1.168218994140625000e+01 6.500244140625000000e-02
6.727600097656250000e+01 1.169342041015625000e+01 8.764648437500000000e-02
6.685766601562500000e+01 1.136236572265625000e+01 1.953125000000000000e-02
6.598858642578125000e+01 1.119940185546875000e+01 1.269531250000000000e-02
6.543084716796875000e+01 1.109930419921875000e+01 2.319335937500000000e-03
6.530792236328125000e+01 1.112927246093750000e+01 4.821777343750000000e-03
6.530505371093750000e+01 1.101495361328125000e+01 3.051757812500000000e-03
6.504443359375000000e+01 1.042919921875000000e+01 3.662109375000000000e-04
6.499890136718750000e+01 1.010943603515625000e+01 3.051757812500000000e-04
6.517254638671875000e+01 1.019311523437500000e+01 0.000000000000000000e+00
6.567401123046875000e+01 1.042803955078125000e+01 7.324218750000000000e-04
6.541558837890625000e+01 1.002783203125000000e+01 0.000000000000000000e+00
6.488995361328125000e+01 8.800842285156250000e+00 0.000000000000000000e+00
6.505889892578125000e+01 9.164428710937500000e+00 0.000000000000000000e+00
6.621789550781250000e+01 1.038690185546875000e+01 7.995605468750000000e-02
6.629229736328125000e+01 1.060925292968750000e+01 1.028442382812500000e-01
6.610040283203125000e+01 1.016888427734375000e+01 8.746337890625000000e-02
6.578820800781250000e+01 9.389709472656250000e+00 1.220703125000000000e-02
6.581146240234375000e+01 9.911132812500000000e+00 2.593994140625000000e-02
6.750921630859375000e+01 1.235150146484375000e+01 2.412719726562500000e-01
6.862158203125000000e+01 1.405596923828125000e+01 6.630859375000000000e-01
6.861486816406250000e+01 1.382214355468750000e+01 6.007690429687500000e-01
6.737054443359375000e+01 1.251214599609375000e+01 2.368164062500000000e-01
6.623028564453125000e+01 1.220349121093750000e+01 8.935546875000000000e-02
6.580291748046875000e+01 1.199096679687500000e+01 9.649658203125000000e-02
6.592395019531250000e+01 1.201519775390625000e+01 9.375000000000000000e-02
6.618402099609375000e+01 1.187768554687500000e+01 4.882812500000000000e-02
6.649200439453125000e+01 1.181494140625000000e+01 4.516601562500000000e-02
6.690301513671875000e+01 1.249542236328125000e+01 1.221923828125000000e-01
6.712347412109375000e+01 1.260681152343750000e+01 1.611938476562500000e-01
6.687493896484375000e+01 1.222381591796875000e+01 1.139526367187500000e-01
6.626446533203125000e+01 1.192218017578125000e+01 9.295654296875000000e-02
6.586212158203125000e+01 1.174676513671875000e+01 4.296875000000000000e-02
6.567529296875000000e+01 1.170178222656250000e+01 7.147216796875000000e-02
6.544165039062500000e+01 1.170599365234375000e+01 9.497070312500000000e-02
6.531341552734375000e+01 1.173101806640625000e+01 5.859375000000000000e-02
6.512078857421875000e+01 1.186547851562500000e+01 6.628417968750000000e-02
6.506146240234375000e+01 1.182373046875000000e+01 1.186523437500000000e-01
6.498400878906250000e+01 1.177380371093750000e+01 1.259155273437500000e-01
6.489367675781250000e+01 1.182122802734375000e+01 1.044311523437500000e-01
6.494805908203125000e+01 1.181549072265625000e+01 7.855224609375000000e-02
6.502868652343750000e+01 1.187371826171875000e+01 8.197021484375000000e-02
6.455126953125000000e+01 1.142028808593750000e+01 4.699707031250000000e-02
6.436151123046875000e+01 1.124401855468750000e+01 2.520751953125000000e-02
6.458227539062500000e+01 1.121624755859375000e+01 3.051757812500000000e-02
6.504858398437500000e+01 1.146679687500000000e+01 1.947021484375000000e-02
6.504248046875000000e+01 1.154486083984375000e+01 1.056518554687500000e-01
6.497900390625000000e+01 1.143328857421875000e+01 6.909179687500000000e-02
6.517797851562500000e+01 1.122637939453125000e+01 8.343505859375000000e-02
6.569250488281250000e+01 1.111749267578125000e+01 2.484130859375000000e-02
6.620709228515625000e+01 1.129107666015625000e+01 8.990478515625000000e-02
6.645086669921875000e+01 1.117309570312500000e+01 4.492187500000000000e-02
6.611328125000000000e+01 1.056311035156250000e+01 2.130126953125000000e-02
6.590545654296875000e+01 1.038854980468750000e+01 8.624267578125000000e-02
6.594641113281250000e+01 1.051513671875000000e+01 1.605224609375000000e-02
6.593334960937500000e+01 1.086358642578125000e+01 5.737304687500000000e-03
6.577416992187500000e+01 1.080322265625000000e+01 1.489257812500000000e-02
6.602746582031250000e+01 1.074945068359375000e+01 3.033447265625000000e-02
6.673272705078125000e+01 1.124255371093750000e+01 7.843017578125000000e-02
6.690570068359375000e+01 1.130230712890625000e+01 1.529541015625000000e-01
6.640454101562500000e+01 1.109472656250000000e+01 7.226562500000000000e-02
6.642364501953125000e+01 1.106805419921875000e+01 1.234130859375000000e-01
6.657006835937500000e+01 1.138500976562500000e+01 2.406005859375000000e-01
6.654492187500000000e+01 1.163305664062500000e+01 1.722412109375000000e-01
6.606225585937500000e+01 1.136230468750000000e+01 1.782226562500000000e-01
6.594250488281250000e+01 1.127160644531250000e+01 1.673583984375000000e-01
6.612011718750000000e+01 1.137353515625000000e+01 1.636352539062500000e-01
6.629077148437500000e+01 1.149365234375000000e+01 1.677246093750000000e-01
6.635058593750000000e+01 1.155133056640625000e+01 1.965942382812500000e-01
6.636602783203125000e+01 1.143798828125000000e+01 2.286987304687500000e-01
6.653564453125000000e+01 1.129376220703125000e+01 2.236938476562500000e-01
6.684838867187500000e+01 1.136779785156250000e+01 2.256469726562500000e-01
6.706744384765625000e+01 1.143310546875000000e+01 2.006835937500000000e-01
6.712451171875000000e+01 1.149383544921875000e+01 2.178955078125000000e-01
6.693212890625000000e+01 1.134912109375000000e+01 1.804199218750000000e-01
6.682470703125000000e+01 1.113940429687500000e+01 1.553344726562500000e-01
6.669158935546875000e+01 1.103411865234375000e+01 9.301757812500000000e-02
6.673773193359375000e+01 1.103540039062500000e+01 8.630371093750000000e-02
6.663793945312500000e+01 1.104754638671875000e+01 8.557128906250000000e-02
6.665405273437500000e+01 1.099639892578125000e+01 5.633544921875000000e-02
6.647906494140625000e+01 1.059570312500000000e+01 3.680419921875000000e-02
6.648638916015625000e+01 1.012786865234375000e+01 4.882812500000000000e-03
6.641436767578125000e+01 1.004156494140625000e+01 1.953125000000000000e-03
6.717547607421875000e+01 1.031030273437500000e+01 6.286621093750000000e-03
6.810784912109375000e+01 1.052008056640625000e+01 1.802978515625000000e-01
6.794787597656250000e+01 1.020501708984375000e+01 1.782836914062500000e-01
6.774346923828125000e+01 1.002685546875000000e+01 8.587646484375000000e-02
6.783441162109375000e+01 1.009063720703125000e+01 8.819580078125000000e-02
6.699230957031250000e+01 1.048046875000000000e+01 7.824707031250000000e-02
6.629327392578125000e+01 1.054486083984375000e+01 6.060791015625000000e-02
6.570983886718750000e+01 1.070190429687500000e+01 1.130981445312500000e-01
6.517633056640625000e+01 1.065594482421875000e+01 1.182250976562500000e-01
6.492498779296875000e+01 1.033251953125000000e+01 6.781005859375000000e-02
6.471136474609375000e+01 9.625671386718750000e+00 6.774902343750000000e-03
6.464453125000000000e+01 9.544982910156250000e+00 4.760742187500000000e-03
6.465338134765625000e+01 9.451904296875000000e+00 0.000000000000000000e+00
6.466027832031250000e+01 9.346008300781250000e+00 1.000976562500000000e-02
6.461968994140625000e+01 9.061401367187500000e+00 7.202148437500000000e-03
6.567297363281250000e+01 8.916259765625000000e+00 5.737304687500000000e-03
6.621636962890625000e+01 8.915771484375000000e+00 5.981445312500000000e-03
6.615875244140625000e+01 7.730590820312500000e+00 0.000000000000000000e+00
6.612664794921875000e+01 7.906127929687500000e+00 2.746582031250000000e-03
6.801684570312500000e+01 1.014062500000000000e+01 2.314453125000000000e-01
6.834411621093750000e+01 1.003247070312500000e+01 1.925048828125000000e-01
6.780407714843750000e+01 9.232055664062500000e+00 1.068115234375000000e-01
6.723510742187500000e+01 9.154296875000000000e+00 9.075927734375000000e-02
6.719708251953125000e+01 9.187622070312500000e+00 1.004638671875000000e-01
6.721923828125000000e+01 9.066162109375000000e+00 7.519531250000000000e-02
6.687512207031250000e+01 8.999511718750000000e+00 4.400634765625000000e-02
6.694622802734375000e+01 9.621643066406250000e+00 1.281738281250000000e-01
6.705780029296875000e+01 9.767700195312500000e+00 1.227416992187500000e-01
6.667663574218750000e+01 9.659179687500000000e+00 9.436035156250000000e-02
6.635015869140625000e+01 9.701660156250000000e+00 1.051635742187500000e-01
6.603002929687500000e+01 9.871948242187500000e+00 1.038818359375000000e-01
6.560083007812500000e+01 1.026348876953125000e+01 1.286621093750000000e-01
6.509307861328125000e+01 1.015716552734375000e+01 7.946777343750000000e-02
6.510742187500000000e+01 1.020294189453125000e+01 8.276367187500000000e-02
6.598461914062500000e+01 1.037341308593750000e+01 1.479492187500000000e-01
6.635894775390625000e+01 1.038928222656250000e+01 1.873168945312500000e-01
6.633996582031250000e+01 1.001416015625000000e+01 1.173706054687500000e-01
6.604864501953125000e+01 9.904113769531250000e+00 1.166381835937500000e-01
6.584606933593750000e+01 9.946838378906250000e+00 1.336059570312500000e-01
6.543725585937500000e+01 9.762390136718750000e+00 1.644897460937500000e-01
6.486999511718750000e+01 9.565856933593750000e+00 9.930419921875000000e-02
6.436102294921875000e+01 9.423339843750000000e+00 3.228759765625000000e-02
6.384466552734375000e+01 9.500671386718750000e+00 1.910400390625000000e-02
6.363049316406250000e+01 9.423461914062500000e+00 2.703857421875000000e-02
6.358673095703125000e+01 9.354431152343750000e+00 1.586914062500000000e-02
6.400219726562500000e+01 9.519287109375000000e+00 4.870605468750000000e-02
6.407165527343750000e+01 9.522155761718750000e+00 3.839111328125000000e-02
6.408642578125000000e+01 9.358886718750000000e+00 1.611328125000000000e-02
6.425781250000000000e+01 9.121154785156250000e+00 5.200195312500000000e-02
6.422735595703125000e+01 9.036254882812500000e+00 4.608154296875000000e-02
6.387518310546875000e+01 8.937133789062500000e+00 4.272460937500000000e-02
6.359271240234375000e+01 8.633178710937500000e+00 1.452636718750000000e-02
6.339196777343750000e+01 8.453125000000000000e+00 2.990722656250000000e-03
6.336132812500000000e+01 8.402221679687500000e+00 6.225585937500000000e-03
6.332971191406250000e+01 8.256896972656250000e+00 1.647949218750000000e-03
6.356072998046875000e+01 8.172180175781250000e+00 1.647949218750000000e-03
6.368322753906250000e+01 8.038452148437500000e+00 3.662109375000000000e-03
6.432592773437500000e+01 8.176696777343750000e+00 3.454589843750000000e-02
6.510797119140625000e+01 8.325378417968750000e+00 2.905273437500000000e-02
6.487982177734375000e+01 7.983459472656250000e+00 2.197265625000000000e-02
6.452020263671875000e+01 7.766540527343750000e+00 1.562500000000000000e-02
6.460040283203125000e+01 7.802673339843750000e+00 1.507568359375000000e-02
6.495867919921875000e+01 8.309020996093750000e+00 3.442382812500000000e-02
6.526568603515625000e+01 8.357971191406250000e+00 3.558349609375000000e-02
6.529736328125000000e+01 8.205444335937500000e+00 3.125000000000000000e-02
6.538043212890625000e+01 8.228393554687500000e+00 1.861572265625000000e-02
6.538623046875000000e+01 8.350158691406250000e+00 1.263427734375000000e-02
6.524005126953125000e+01 8.399108886718750000e+00 1.672363281250000000e-02
6.497906494140625000e+01 8.377990722656250000e+00 1.397705078125000000e-02
6.478918457031250000e+01 8.261291503906250000e+00 1.525878906250000000e-02
6.480682373046875000e+01 8.601745605468750000e+00 1.947021484375000000e-02
6.559582519531250000e+01 9.869384765625000000e+00 1.416625976562500000e-01
6.418554687500000000e+01 7.555297851562500000e+00 0.000000000000000000e+00
6.232653808593750000e+01 6.030517578125000000e+00 1.159667968750000000e-03
6.383135986328125000e+01 8.416870117187500000e+00 1.580810546875000000e-02
6.514068603515625000e+01 8.636413574218750000e+00 1.313476562500000000e-01
6.472595214843750000e+01 6.930053710937500000e+00 0.000000000000000000e+00
6.347320556640625000e+01 6.546691894531250000e+00 1.068115234375000000e-02
6.366168212890625000e+01 7.891601562500000000e+00 9.082031250000000000e-02
6.417712402343750000e+01 8.184265136718750000e+00 1.008300781250000000e-01
6.398803710937500000e+01 8.123291015625000000e+00 8.941650390625000000e-02
6.361090087890625000e+01 8.146850585937500000e+00 5.291748046875000000e-02
6.372955322265625000e+01 8.571716308593750000e+00 8.349609375000000000e-02
6.368481445312500000e+01 8.473388671875000000e+00 5.828857421875000000e-02
6.368273925781250000e+01 8.614990234375000000e+00 6.170654296875000000e-02
6.376678466796875000e+01 9.958435058593750000e+00 1.005859375000000000e-01
6.358972167968750000e+01 1.009716796875000000e+01 1.079101562500000000e-01
6.286352539062500000e+01 9.681457519531250000e+00 1.080932617187500000e-01
6.252606201171875000e+01 9.727050781250000000e+00 1.054077148437500000e-01
6.281811523437500000e+01 1.009136962890625000e+01 1.667480468750000000e-01
6.262408447265625000e+01 1.025628662109375000e+01 1.615600585937500000e-01
6.207897949218750000e+01 1.006951904296875000e+01 7.873535156250000000e-02
6.191326904296875000e+01 9.980773925781250000e+00 4.772949218750000000e-02
6.152691650390625000e+01 9.918212890625000000e+00 4.650878906250000000e-02
6.133630371093750000e+01 9.778808593750000000e+00 4.498291015625000000e-02
6.178442382812500000e+01 9.717163085937500000e+00 2.783203125000000000e-02
6.260754394531250000e+01 9.871093750000000000e+00 3.771972656250000000e-02
6.280877685546875000e+01 9.715454101562500000e+00 3.204345703125000000e-02
6.284722900390625000e+01 9.473144531250000000e+00 2.752685546875000000e-02
6.282458496093750000e+01 9.499206542968750000e+00 3.021240234375000000e-02
6.304113769531250000e+01 9.694885253906250000e+00 3.149414062500000000e-02
6.295709228515625000e+01 9.742370605468750000e+00 4.455566406250000000e-02
6.286663818359375000e+01 9.606384277343750000e+00 3.784179687500000000e-02
6.236840820312500000e+01 9.294311523437500000e+00 5.175781250000000000e-02
6.233825683593750000e+01 9.341491699218750000e+00 2.447509765625000000e-02
6.233117675781250000e+01 9.421142578125000000e+00 2.966308593750000000e-02
6.243829345703125000e+01 9.457824707031250000e+00 1.082153320312500000e-01
6.236914062500000000e+01 9.124145507812500000e+00 6.097412109375000000e-02
6.235760498046875000e+01 8.957763671875000000e+00 4.150390625000000000e-03
6.263171386718750000e+01 8.970153808593750000e+00 7.568359375000000000e-03
6.345153808593750000e+01 9.048706054687500000e+00 1.623535156250000000e-02
6.426519775390625000e+01 9.139099121093750000e+00 3.820800781250000000e-02
6.440826416015625000e+01 8.954895019531250000e+00 4.040527343750000000e-02
6.402124023437500000e+01 8.565002441406250000e+00 7.019042968750000000e-03
6.401593017578125000e+01 8.547668457031250000e+00 8.544921875000000000e-03
6.388757324218750000e+01 8.599609375000000000e+00 5.364990234375000000e-02
6.366461181640625000e+01 8.651977539062500000e+00 1.123046875000000000e-02
6.352905273437500000e+01 8.716796875000000000e+00 1.928710937500000000e-02
6.338037109375000000e+01 8.946105957031250000e+00 2.844238281250000000e-02
6.330352783203125000e+01 9.058898925781250000e+00 6.256103515625000000e-02
6.316491699218750000e+01 8.970397949218750000e+00 3.710937500000000000e-02
6.292370605468750000e+01 9.049621582031250000e+00 5.120849609375000000e-02
6.317645263671875000e+01 9.305725097656250000e+00 3.717041015625000000e-02
6.305963134765625000e+01 9.334533691406250000e+00 3.997802734375000000e-02
6.275317382812500000e+01 9.146728515625000000e+00 2.252197265625000000e-02
6.238244628906250000e+01 9.132446289062500000e+00 1.733398437500000000e-02
6.245520019531250000e+01 9.497009277343750000e+00 1.806640625000000000e-02
6.252459716796875000e+01 9.498474121093750000e+00 1.660156250000000000e-02
6.230963134765625000e+01 9.593383789062500000e+00 4.638671875000000000e-02
6.205767822265625000e+01 9.651245117187500000e+00 1.855468750000000000e-02
6.210339355468750000e+01 9.789733886718750000e+00 4.699707031250000000e-02
6.197314453125000000e+01 1.001525878906250000e+01 2.111816406250000000e-02
6.208502197265625000e+01 9.974792480468750000e+00 3.784179687500000000e-02
6.222961425781250000e+01 9.833435058593750000e+00 5.578613281250000000e-02
6.207153320312500000e+01 9.748168945312500000e+00 2.514648437500000000e-02
6.203234863281250000e+01 9.714111328125000000e+00 1.318359375000000000e-02
6.205065917968750000e+01 9.680297851562500000e+00 1.666259765625000000e-02
6.199896240234375000e+01 9.709472656250000000e+00 3.588867187500000000e-02
6.211840820312500000e+01 9.830322265625000000e+00 7.519531250000000000e-02
6.219543457031250000e+01 9.842834472656250000e+00 3.857421875000000000e-02
6.208441162109375000e+01 9.669189453125000000e+00 1.324462890625000000e-02
6.194036865234375000e+01 9.313537597656250000e+00 3.417968750000000000e-03
6.186724853515625000e+01 9.286743164062500000e+00 9.277343750000000000e-03
6.188470458984375000e+01 9.184082031250000000e+00 9.765625000000000000e-04
6.227856445312500000e+01 8.989135742187500000e+00 7.324218750000000000e-04
6.237274169921875000e+01 8.834045410156250000e+00 1.824951171875000000e-02
6.238098144531250000e+01 8.750610351562500000e+00 1.409912109375000000e-02
6.261022949218750000e+01 8.637145996093750000e+00 1.525878906250000000e-03
6.268817138671875000e+01 8.614929199218750000e+00 1.586914062500000000e-03
6.259631347656250000e+01 8.396179199218750000e+00 1.342773437500000000e-03
6.260028076171875000e+01 8.379333496093750000e+00 1.074218750000000000e-02
6.274279785156250000e+01 8.452575683593750000e+00 2.136230468750000000e-03
6.274444580078125000e+01 8.203979492187500000e+00 2.380371093750000000e-03
6.221472167968750000e+01 7.594848632812500000e+00 0.000000000000000000e+00
6.213836669921875000e+01 7.565673828125000000e+00 0.000000000000000000e+00
6.313781738281250000e+01 8.202148437500000000e+00 4.333496093750000000e-03
6.327081298828125000e+01 8.251647949218750000e+00 2.203369140625000000e-02
6.332049560546875000e+01 8.083068847656250000e+00 2.856445312500000000e-02
6.344830322265625000e+01 8.028320312500000000e+00 4.711914062500000000e-02
6.384387207031250000e+01 7.923828125000000000e+00 1.708984375000000000e-02
6.432287597656250000e+01 7.674743652343750000e+00 5.615234375000000000e-03
6.460461425781250000e+01 7.530517578125000000e+00 7.934570312500000000e-04
6.464862060546875000e+01 7.596008300781250000e+00 3.051757812500000000e-04
6.469604492187500000e+01 7.640686035156250000e+00 3.112792968750000000e-03
6.467999267578125000e+01 7.524108886718750000e+00 1.220703125000000000e-04
6.468096923828125000e+01 7.683227539062500000e+00 2.441406250000000000e-04
6.474151611328125000e+01 7.648010253906250000e+00 5.676269531250000000e-03
6.471087646484375000e+01 7.477539062500000000e+00 1.220703125000000000e-04
6.460375976562500000e+01 7.659912109375000000e+00 6.713867187500000000e-03
6.413787841796875000e+01 7.024414062500000000e+00 0.000000000000000000e+00
6.387213134765625000e+01 6.514343261718750000e+00 1.074218750000000000e-02
6.459564208984375000e+01 7.419372558593750000e+00 8.544921875000000000e-04
6.483898925781250000e+01 7.792907714843750000e+00 1.000976562500000000e-02
6.467755126953125000e+01 7.393737792968750000e+00 6.103515625000000000e-04
6.431707763671875000e+01 6.854858398437500000e+00 2.441406250000000000e-04
6.500653076171875000e+01 7.281555175781250000e+00 1.586914062500000000e-03
6.608764648437500000e+01 7.727233886718750000e+00 5.371093750000000000e-03
6.637908935546875000e+01 7.691406250000000000e+00 8.117675781250000000e-03
6.609173583984375000e+01 7.541381835937500000e+00 4.577636718750000000e-03
6.575744628906250000e+01 7.561157226562500000e+00 2.929687500000000000e-03
6.562500000000000000e+01 7.591430664062500000e+00 2.075195312500000000e-03
6.544238281250000000e+01 7.542846679687500000e+00 1.220703125000000000e-03
6.536022949218750000e+01 7.458618164062500000e+00 1.220703125000000000e-03
6.529437255859375000e+01 7.601867675781250000e+00 1.403808593750000000e-03
6.522491455078125000e+01 7.405212402343750000e+00 3.662109375000000000e-04
6.416656494140625000e+01 7.334533691406250000e+00 3.051757812500000000e-04
6.432684326171875000e+01 7.857788085937500000e+00 1.953125000000000000e-03
6.519787597656250000e+01 8.518920898437500000e+00 6.347656250000000000e-03
6.465893554687500000e+01 7.824829101562500000e+00 2.563476562500000000e-03
6.438323974609375000e+01 7.951965332031250000e+00 0.000000000000000000e+00
6.437036132812500000e+01 8.107299804687500000e+00 6.103515625000000000e-04
6.412878417968750000e+01 8.228027343750000000e+00 6.103515625000000000e-04
6.379302978515625000e+01 8.154724121093750000e+00 5.493164062500000000e-03
6.384826660156250000e+01 8.190124511718750000e+00 0.000000000000000000e+00
6.349450683593750000e+01 7.603942871093750000e+00 8.972167968750000000e-03
6.360229492187500000e+01 7.723083496093750000e+00 8.972167968750000000e-03
6.378265380859375000e+01 7.970336914062500000e+00 0.000000000000000000e+00
6.397137451171875000e+01 8.178344726562500000e+00 1.171875000000000000e-02
6.399163818359375000e+01 8.178955078125000000e+00 1.367187500000000000e-02
6.430926513671875000e+01 8.073730468750000000e+00 1.751708984375000000e-02
6.434375000000000000e+01 8.277587890625000000e+00 1.342773437500000000e-02
6.408721923828125000e+01 8.673522949218750000e+00 2.410888671875000000e-02
6.389495849609375000e+01 8.623474121093750000e+00 2.423095703125000000e-02
6.330627441406250000e+01 8.238586425781250000e+00 4.479980468750000000e-02
6.280743408203125000e+01 8.374084472656250000e+00 8.050537109375000000e-02
6.268957519531250000e+01 7.387573242187500000e+00 2.313232421875000000e-02
6.305810546875000000e+01 7.920471191406250000e+00 1.757812500000000000e-02
6.334997558593750000e+01 7.992187500000000000e+00 1.470947265625000000e-02
6.314221191406250000e+01 7.871337890625000000e+00 1.116943359375000000e-02
6.265063476562500000e+01 6.206481933593750000e+00 0.000000000000000000e+00
6.284338378906250000e+01 6.899597167968750000e+00 0.000000000000000000e+00
6.445013427734375000e+01 8.066589355468750000e+00 9.277343750000000000e-03
6.409576416015625000e+01 7.396728515625000000e+00 0.000000000000000000e+00
6.317938232421875000e+01 6.162902832031250000e+00 0.000000000000000000e+00
6.217181396484375000e+01 6.708923339843750000e+00 0.000000000000000000e+00
6.392852783203125000e+01 7.952819824218750000e+00 7.830810546875000000e-02
6.394335937500000000e+01 7.749145507812500000e+00 6.170654296875000000e-02
6.337872314453125000e+01 6.973205566406250000e+00 3.289794921875000000e-02
6.283355712890625000e+01 6.840637207031250000e+00 2.655029296875000000e-02
6.272833251953125000e+01 6.959228515625000000e+00 2.789306640625000000e-02
6.261254882812500000e+01 6.830749511718750000e+00 5.761718750000000000e-02
6.221289062500000000e+01 6.677124023437500000e+00 2.539062500000000000e-02
6.193188476562500000e+01 6.390502929687500000e+00 1.373291015625000000e-02
6.173651123046875000e+01 7.058593750000000000e+00 5.773925781250000000e-02
6.261993408203125000e+01 8.059936523437500000e+00 1.088867187500000000e-01
6.214019775390625000e+01 7.554077148437500000e+00 8.898925781250000000e-02
6.106451416015625000e+01 6.874084472656250000e+00 1.000976562500000000e-02
6.084643554687500000e+01 7.314453125000000000e+00 2.661132812500000000e-02
6.173815917968750000e+01 8.254638671875000000e+00 3.454589843750000000e-02
6.169732666015625000e+01 8.252502441406250000e+00 3.411865234375000000e-02
6.129821777343750000e+01 7.749084472656250000e+00 3.851318359375000000e-02
6.104162597656250000e+01 7.606689453125000000e+00 2.679443359375000000e-02
6.101177978515625000e+01 7.552062988281250000e+00 1.617431640625000000e-02
6.077813720703125000e+01 7.451293945312500000e+00 7.629394531250000000e-03
6.074780273437500000e+01 7.426513671875000000e+00 8.178710937500000000e-03
6.097985839843750000e+01 7.435668945312500000e+00 6.591796875000000000e-03
6.112567138671875000e+01 7.372924804687500000e+00 2.056884765625000000e-02
6.112854003906250000e+01 7.329223632812500000e+00 1.916503906250000000e-02
6.132537841796875000e+01 6.992431640625000000e+00 1.098632812500000000e-02
6.189868164062500000e+01 7.094787597656250000e+00 5.798339843750000000e-03
6.378509521484375000e+01 8.103820800781250000e+00 4.003906250000000000e-02
6.388604736328125000e+01 7.879089355468750000e+00 2.050781250000000000e-02
6.367126464843750000e+01 7.180908203125000000e+00 1.855468750000000000e-02
6.345086669921875000e+01 6.996398925781250000e+00 2.136230468750000000e-02
6.345117187500000000e+01 7.018249511718750000e+00 2.062988281250000000e-02
6.366436767578125000e+01 6.832397460937500000e+00 1.708984375000000000e-02
6.385797119140625000e+01 7.044616699218750000e+00 1.928710937500000000e-02
6.449737548828125000e+01 7.188903808593750000e+00 6.042480468750000000e-02
6.475463867187500000e+01 7.175903320312500000e+00 1.104736328125000000e-02
6.448028564453125000e+01 6.761474609375000000e+00 1.342773437500000000e-02
6.416369628906250000e+01 6.884033203125000000e+00 1.196289062500000000e-02
6.416058349609375000e+01 7.063171386718750000e+00 2.490234375000000000e-02
6.388995361328125000e+01 6.854003906250000000e+00 1.184082031250000000e-02
6.388195800781250000e+01 6.867614746093750000e+00 1.672363281250000000e-02
6.394366455078125000e+01 7.058044433593750000e+00 4.516601562500000000e-03
6.385113525390625000e+01 6.950622558593750000e+00 1.086425781250000000e-02
6.275360107421875000e+01 6.451904296875000000e+00 0.000000000000000000e+00
6.245452880859375000e+01 6.560668945312500000e+00 2.929687500000000000e-03
6.351794433593750000e+01 7.881225585937500000e+00 1.184082031250000000e-02
6.376977539062500000e+01 8.074707031250000000e+00 1.379394531250000000e-02
6.374462890625000000e+01 7.570861816406250000e+00 7.324218750000000000e-03
6.301666259765625000e+01 6.945800781250000000e+00 2.197265625000000000e-03
6.275415039062500000e+01 6.941955566406250000e+00 3.356933593750000000e-03
6.280401611328125000e+01 7.067260742187500000e+00 3.234863281250000000e-03
6.330963134765625000e+01 7.225646972656250000e+00 2.081298828125000000e-02
6.330505371093750000e+01 7.052551269531250000e+00 5.920410156250000000e-03
6.306707763671875000e+01 6.869750976562500000e+00 4.150390625000000000e-03
6.320294189453125000e+01 6.930725097656250000e+00 6.469726562500000000e-03
6.360766601562500000e+01 6.808959960937500000e+00 4.150390625000000000e-03
6.365246582031250000e+01 6.831787109375000000e+00 2.990722656250000000e-03
6.359472656250000000e+01 7.093872070312500000e+00 3.417968750000000000e-02
6.347418212890625000e+01 7.161193847656250000e+00 6.896972656250000000e-03
6.338732910156250000e+01 6.916442871093750000e+00 1.629638671875000000e-02
6.326403808593750000e+01 7.046752929687500000e+00 3.430175781250000000e-02
6.335113525390625000e+01 7.267150878906250000e+00 4.492187500000000000e-02
6.350518798828125000e+01 7.288391113281250000e+00 2.508544921875000000e-02
6.341625976562500000e+01 7.196777343750000000e+00 8.850097656250000000e-03
6.312005615234375000e+01 6.898254394531250000e+00 1.684570312500000000e-02
6.303002929687500000e+01 6.895629882812500000e+00 1.275634765625000000e-02
6.284747314453125000e+01 6.821289062500000000e+00 3.723144531250000000e-03
6.260894775390625000e+01 6.973144531250000000e+00 1.544189453125000000e-02
6.235186767578125000e+01 7.441894531250000000e+00 2.069091796875000000e-02
6.244934082031250000e+01 7.890747070312500000e+00 3.466796875000000000e-02
6.247888183593750000e+01 8.078247070312500000e+00 4.217529296875000000e-02
6.278552246093750000e+01 8.373046875000000000e+00 1.203613281250000000e-01
6.324798583984375000e+01 8.649719238281250000e+00 1.092529296875000000e-01
6.362847900390625000e+01 8.575805664062500000e+00 1.310424804687500000e-01
6.373449707031250000e+01 8.289184570312500000e+00 1.375122070312500000e-01
6.401898193359375000e+01 8.214477539062500000e+00 1.333618164062500000e-01
6.433508300781250000e+01 8.379272460937500000e+00 1.847534179687500000e-01
6.414001464843750000e+01 8.524291992187500000e+00 6.317138671875000000e-02
6.390972900390625000e+01 8.638916015625000000e+00 9.429931640625000000e-02
6.406146240234375000e+01 8.947814941406250000e+00 9.692382812500000000e-02
6.387872314453125000e+01 8.832458496093750000e+00 6.646728515625000000e-02
6.349133300781250000e+01 8.810607910156250000e+00 6.774902343750000000e-02
6.345715332031250000e+01 8.864074707031250000e+00 4.895019531250000000e-02
6.394238281250000000e+01 9.482299804687500000e+00 1.413574218750000000e-01
6.406341552734375000e+01 9.305847167968750000e+00 1.326293945312500000e-01
6.397967529296875000e+01 9.164672851562500000e+00 9.643554687500000000e-02
6.397302246093750000e+01 9.118713378906250000e+00 7.513427734375000000e-02
6.433050537109375000e+01 9.040222167968750000e+00 6.994628906250000000e-02
6.472546386718750000e+01 8.526062011718750000e+00 4.180908203125000000e-02
6.476605224609375000e+01 8.148803710937500000e+00 4.663085937500000000e-02
6.462127685546875000e+01 7.878051757812500000e+00 4.077148437500000000e-02
6.454827880859375000e+01 7.882690429687500000e+00 3.912353515625000000e-02
6.466918945312500000e+01 7.959533691406250000e+00 4.040527343750000000e-02
6.496356201171875000e+01 8.163940429687500000e+00 3.228759765625000000e-02
6.504571533203125000e+01 8.215759277343750000e+00 3.564453125000000000e-02
6.540368652343750000e+01 8.417724609375000000e+00 4.815673828125000000e-02
6.564813232421875000e+01 8.657592773437500000e+00 4.870605468750000000e-02
6.581079101562500000e+01 8.814453125000000000e+00 4.449462890625000000e-02
6.564654541015625000e+01 8.523254394531250000e+00 7.324218750000000000e-02
6.534167480468750000e+01 8.442871093750000000e+00 5.181884765625000000e-02
6.548486328125000000e+01 8.736999511718750000e+00 8.343505859375000000e-02
6.549786376953125000e+01 8.780517578125000000e+00 7.189941406250000000e-02
6.541113281250000000e+01 8.624206542968750000e+00 4.254150390625000000e-02
6.530627441406250000e+01 8.506164550781250000e+00 2.734375000000000000e-02
6.502410888671875000e+01 8.233398437500000000e+00 2.923583984375000000e-02
6.497949218750000000e+01 8.232177734375000000e+00 3.021240234375000000e-02
6.497473144531250000e+01 8.158569335937500000e+00 3.106689453125000000e-02
6.502203369140625000e+01 8.370849609375000000e+00 2.557373046875000000e-02
6.501202392578125000e+01 8.331909179687500000e+00 2.563476562500000000e-02
6.497113037109375000e+01 8.163757324218750000e+00 7.141113281250000000e-03
6.475329589843750000e+01 7.932800292968750000e+00 6.530761718750000000e-03
6.473828125000000000e+01 7.885375976562500000e+00 6.225585937500000000e-03
6.565411376953125000e+01 7.390563964843750000e+00 5.493164062500000000e-03
6.426379394531250000e+01 5.396118164062500000e+00 0.000000000000000000e+00
6.557727050781250000e+01 7.639709472656250000e+00 0.000000000000000000e+00
6.581072998046875000e+01 7.525634765625000000e+00 0.000000000000000000e+00
6.632849121093750000e+01 6.907836914062500000e+00 0.000000000000000000e+00
6.389154052734375000e+01 5.241149902343750000e+00 0.000000000000000000e+00
6.300671386718750000e+01 5.906250000000000000e+00 0.000000000000000000e+00
6.490026855468750000e+01 7.754211425781250000e+00 2.502441406250000000e-03
6.487982177734375000e+01 7.568786621093750000e+00 2.319335937500000000e-03
6.419946289062500000e+01 7.159423828125000000e+00 8.117675781250000000e-03
6.357788085937500000e+01 7.835754394531250000e+00 2.990722656250000000e-03
6.376483154296875000e+01 7.936523437500000000e+00 5.554199218750000000e-03
6.362805175781250000e+01 7.755065917968750000e+00 7.934570312500000000e-04
6.378948974609375000e+01 7.909729003906250000e+00 2.746582031250000000e-03
6.438433837890625000e+01 8.485717773437500000e+00 1.513671875000000000e-02
6.421990966796875000e+01 8.483825683593750000e+00 7.629394531250000000e-02
6.404577636718750000e+01 8.315551757812500000e+00 6.811523437500000000e-02
6.406481933593750000e+01 8.251464843750000000e+00 5.780029296875000000e-02
6.410449218750000000e+01 7.938903808593750000e+00 4.528808593750000000e-02
6.406420898437500000e+01 7.450744628906250000e+00 1.068115234375000000e-02
6.432843017578125000e+01 6.670471191406250000e+00 1.379394531250000000e-02
6.421972656250000000e+01 6.186340332031250000e+00 0.000000000000000000e+00
6.463293457031250000e+01 6.452941894531250000e+00 0.000000000000000000e+00
6.476208496093750000e+01 6.593505859375000000e+00 1.464843750000000000e-03
6.474841308593750000e+01 6.680114746093750000e+00 1.464843750000000000e-03
6.480059814453125000e+01 6.661621093750000000e+00 9.765625000000000000e-04
6.510284423828125000e+01 6.720825195312500000e+00 1.770019531250000000e-03
6.529315185546875000e+01 6.695434570312500000e+00 1.770019531250000000e-03
6.490228271484375000e+01 6.564758300781250000e+00 0.000000000000000000e+00
6.467919921875000000e+01 6.500610351562500000e+00 5.493164062500000000e-04
6.485083007812500000e+01 6.321777343750000000e+00 1.220703125000000000e-04
6.465881347656250000e+01 6.006774902343750000e+00 2.136230468750000000e-03
6.473394775390625000e+01 5.823791503906250000e+00 2.990722656250000000e-03
6.484582519531250000e+01 5.865478515625000000e+00 7.019042968750000000e-03
6.559362792968750000e+01 6.570251464843750000e+00 8.728027343750000000e-03
6.560076904296875000e+01 6.005798339843750000e+00 7.324218750000000000e-04
6.550549316406250000e+01 5.837524414062500000e+00 7.324218750000000000e-04
6.582788085937500000e+01 5.753540039062500000e+00 2.197265625000000000e-03
6.613043212890625000e+01 5.708190917968750000e+00 2.197265625000000000e-03
6.601617431640625000e+01 5.309020996093750000e+00 7.324218750000000000e-04
6.575958251953125000e+01 5.048767089843750000e+00 7.324218750000000000e-04
6.549035644531250000e+01 5.269165039062500000e+00 0.000000000000000000e+00
6.529943847656250000e+01 5.614135742187500000e+00 0.000000000000000000e+00
6.481695556640625000e+01 5.333618164062500000e+00 3.662109375000000000e-04
6.464453125000000000e+01 5.162780761718750000e+00 3.662109375000000000e-04
6.470587158203125000e+01 5.643432617187500000e+00 7.019042968750000000e-03
6.467974853515625000e+01 6.030578613281250000e+00 0.000000000000000000e+00
6.437921142578125000e+01 5.769653320312500000e+00 9.704589843750000000e-03
6.390832519531250000e+01 5.998901367187500000e+00 1.464843750000000000e-03
6.378564453125000000e+01 6.128845214843750000e+00 2.746582031250000000e-03
6.392883300781250000e+01 6.002563476562500000e+00 6.652832031250000000e-03
6.433520507812500000e+01 5.477233886718750000e+00 2.197265625000000000e-03
6.447448730468750000e+01 5.500122070312500000e+00 3.967285156250000000e-03
6.435894775390625000e+01 5.667907714843750000e+00 1.184082031250000000e-02
6.427917480468750000e+01 5.624694824218750000e+00 1.257324218750000000e-02
6.356591796875000000e+01 5.675048828125000000e+00 2.014160156250000000e-03
6.334906005859375000e+01 6.188659667968750000e+00 1.348876953125000000e-02
6.339404296875000000e+01 6.582641601562500000e+00 2.496337890625000000e-02
6.328063964843750000e+01 6.529052734375000000e+00 1.519775390625000000e-02
6.258868408203125000e+01 6.267578125000000000e+00 1.708984375000000000e-03
6.261999511718750000e+01 6.401611328125000000e+00 4.699707031250000000e-03
6.283453369140625000e+01 6.696838378906250000e+00 3.967285156250000000e-03
6.261236572265625000e+01 6.672058105468750000e+00 9.338378906250000000e-03
6.180596923828125000e+01 6.906860351562500000e+00 1.525878906250000000e-03
6.184619140625000000e+01 7.041015625000000000e+00 5.493164062500000000e-03
6.156530761718750000e+01 7.036254882812500000e+00 1.586914062500000000e-03
6.085125732421875000e+01 6.590637207031250000e+00 0.000000000000000000e+00
6.057928466796875000e+01 6.571166992187500000e+00 9.765625000000000000e-04
6.062097167968750000e+01 6.708007812500000000e+00 9.765625000000000000e-04
6.058056640625000000e+01 6.902465820312500000e+00 9.765625000000000000e-04
6.001593017578125000e+01 7.091186523437500000e+00 2.929687500000000000e-03
5.932324218750000000e+01 6.972412109375000000e+00 0.000000000000000000e+00
5.875567626953125000e+01 6.935852050781250000e+00 0.000000000000000000e+00
5.835333251953125000e+01 6.975280761718750000e+00 0.000000000000000000e+00
5.832489013671875000e+01 7.085754394531250000e+00 0.000000000000000000e+00
5.833850097656250000e+01 6.854919433593750000e+00 0.000000000000000000e+00
5.822930908203125000e+01 6.743652343750000000e+00 0.000000000000000000e+00
5.842077636718750000e+01 6.627563476562500000e+00 0.000000000000000000e+00
5.852331542968750000e+01 6.773803710937500000e+00 0.000000000000000000e+00
5.842053222656250000e+01 6.316955566406250000e+00 0.000000000000000000e+00
5.904962158203125000e+01 5.917175292968750000e+00 0.000000000000000000e+00
5.968530273437500000e+01 5.910278320312500000e+00 0.000000000000000000e+00
6.044146728515625000e+01 6.178588867187500000e+00 0.000000000000000000e+00
6.051409912109375000e+01 6.040466308593750000e+00 0.000000000000000000e+00
6.040277099609375000e+01 6.024902343750000000e+00 0.000000000000000000e+00
6.054614257812500000e+01 6.097351074218750000e+00 0.000000000000000000e+00
6.088189697265625000e+01 6.357177734375000000e+00 3.662109375000000000e-04
6.086071777343750000e+01 6.370056152343750000e+00 0.000000000000000000e+00
6.084680175781250000e+01 6.348876953125000000e+00 0.000000000000000000e+00
6.094226074218750000e+01 6.312683105468750000e+00 0.000000000000000000e+00
6.135577392578125000e+01 6.390441894531250000e+00 0.000000000000000000e+00
6.165850830078125000e+01 6.437500000000000000e+00 2.197265625000000000e-03
6.181408691406250000e+01 6.372497558593750000e+00 0.000000000000000000e+00
6.182122802734375000e+01 6.083007812500000000e+00 0.000000000000000000e+00
6.194207763671875000e+01 6.004699707031250000e+00 0.000000000000000000e+00
6.191711425781250000e+01 6.040649414062500000e+00 0.000000000000000000e+00
6.189434814453125000e+01 6.040161132812500000e+00 2.441406250000000000e-04
6.187994384765625000e+01 5.776855468750000000e+00 2.441406250000000000e-04
6.210046386718750000e+01 5.779174804687500000e+00 9.765625000000000000e-04
6.249511718750000000e+01 5.862365722656250000e+00 4.882812500000000000e-04
6.255596923828125000e+01 5.918945312500000000e+00 2.441406250000000000e-04
6.243780517578125000e+01 5.918457031250000000e+00 2.441406250000000000e-04
6.230853271484375000e+01 5.885925292968750000e+00 6.103515625000000000e-05
6.224462890625000000e+01 5.904052734375000000e+00 1.831054687500000000e-04
6.231420898437500000e+01 6.018005371093750000e+00 3.051757812500000000e-04
6.221490478515625000e+01 6.117675781250000000e+00 0.000000000000000000e+00
6.215429687500000000e+01 6.188049316406250000e+00 1.220703125000000000e-04
6.226184082031250000e+01 6.135681152343750000e+00 2.441406250000000000e-04
6.260437011718750000e+01 6.245300292968750000e+00 4.638671875000000000e-03
6.214025878906250000e+01 6.063049316406250000e+00 2.014160156250000000e-03
6.205780029296875000e+01 6.034729003906250000e+00 1.464843750000000000e-03
6.216815185546875000e+01 6.135986328125000000e+00 2.929687500000000000e-03
6.211669921875000000e+01 6.247070312500000000e+00 2.929687500000000000e-03
6.209808349609375000e+01 6.223083496093750000e+00 3.845214843750000000e-03
6.208398437500000000e+01 6.265686035156250000e+00 2.868652343750000000e-03
6.211877441406250000e+01 6.277526855468750000e+00 2.868652343750000000e-03
6.188183593750000000e+01 6.521789550781250000e+00 1.831054687500000000e-03
6.179284667968750000e+01 6.600463867187500000e+00 9.826660156250000000e-03
6.153912353515625000e+01 6.786743164062500000e+00 1.000976562500000000e-02
6.140435791015625000e+01 6.980590820312500000e+00 1.800537109375000000e-02
6.133111572265625000e+01 7.089538574218750000e+00 1.800537109375000000e-02
6.129058837890625000e+01 7.424438476562500000e+00 3.485107421875000000e-02
6.113806152343750000e+01 7.399047851562500000e+00 2.874755859375000000e-02
6.056616210937500000e+01 7.393615722656250000e+00 1.684570312500000000e-02
6.027239990234375000e+01 7.377746582031250000e+00 1.049804687500000000e-02
6.007104492187500000e+01 7.339599609375000000e+00 1.483154296875000000e-02
5.987261962890625000e+01 7.383422851562500000e+00 1.898193359375000000e-02
5.990563964843750000e+01 7.386352539062500000e+00 1.623535156250000000e-02
5.999053955078125000e+01 7.423767089843750000e+00 1.953125000000000000e-02
5.980249023437500000e+01 7.255737304687500000e+00 1.123046875000000000e-02
5.946136474609375000e+01 7.279724121093750000e+00 1.385498046875000000e-02
5.969775390625000000e+01 7.617187500000000000e+00 3.094482421875000000e-02
5.997076416015625000e+01 7.831542968750000000e+00 2.185058593750000000e-02
5.976861572265625000e+01 7.609863281250000000e+00 2.301025390625000000e-02
5.953668212890625000e+01 7.367370605468750000e+00 0.000000000000000000e+00
5.976837158203125000e+01 7.374084472656250000e+00 3.906250000000000000e-03
5.982562255859375000e+01 7.357604980468750000e+00 1.953125000000000000e-03
5.962634277343750000e+01 7.258728027343750000e+00 1.464843750000000000e-03
5.936950683593750000e+01 7.147949218750000000e+00 0.000000000000000000e+00
5.961840820312500000e+01 7.028930664062500000e+00 7.324218750000000000e-04
5.952307128906250000e+01 7.038391113281250000e+00 7.324218750000000000e-04
5.938397216796875000e+01 7.221740722656250000e+00 2.441406250000000000e-03
5.937188720703125000e+01 7.577514648437500000e+00 1.800537109375000000e-02
5.968914794921875000e+01 7.779357910156250000e+00 2.539062500000000000e-02
5.962670898437500000e+01 7.790893554687500000e+00 1.794433593750000000e-02
5.942187500000000000e+01 7.791748046875000000e+00 2.191162109375000000e-02
5.908496093750000000e+01 8.011718750000000000e+00 2.447509765625000000e-02
5.893780517578125000e+01 8.040283203125000000e+00 2.624511718750000000e-02
5.897644042968750000e+01 8.035705566406250000e+00 2.679443359375000000e-02
5.898999023437500000e+01 8.189270019531250000e+00 3.894042968750000000e-02
5.824456787109375000e+01 8.292907714843750000e+00 4.278564453125000000e-02
5.754626464843750000e+01 8.545104980468750000e+00 2.697753906250000000e-02
5.754089355468750000e+01 8.905456542968750000e+00 4.962158203125000000e-02
5.752484130859375000e+01 9.165649414062500000e+00 1.668090820312500000e-01
5.704296875000000000e+01 8.779663085937500000e+00 5.438232421875000000e-02
5.604028320312500000e+01 8.684204101562500000e+00 1.477050781250000000e-02
5.530920410156250000e+01 9.034301757812500000e+00 2.697753906250000000e-02
5.511859130859375000e+01 9.112304687500000000e+00 3.222656250000000000e-02
5.479821777343750000e+01 9.023315429687500000e+00 2.545166015625000000e-02
5.412890625000000000e+01 8.684570312500000000e+00 1.330566406250000000e-02
5.454699707031250000e+01 9.013977050781250000e+00 4.241943359375000000e-02
5.601654052734375000e+01 9.766357421875000000e+00 1.070556640625000000e-01
5.597869873046875000e+01 9.036315917968750000e+00 4.705810546875000000e-02
5.553216552734375000e+01 8.211364746093750000e+00 9.765625000000000000e-04
5.546984863281250000e+01 8.279846191406250000e+00 4.150390625000000000e-03
5.564770507812500000e+01 8.518066406250000000e+00 1.495361328125000000e-02
5.561981201171875000e+01 8.410888671875000000e+00 9.765625000000000000e-03
5.557238769531250000e+01 8.411926269531250000e+00 7.446289062500000000e-03
5.573913574218750000e+01 8.660705566406250000e+00 4.046630859375000000e-02
5.572448730468750000e+01 8.466674804687500000e+00 4.028320312500000000e-02
5.624328613281250000e+01 8.268676757812500000e+00 2.392578125000000000e-02
5.659051513671875000e+01 8.181518554687500000e+00 2.532958984375000000e-02
5.680145263671875000e+01 8.072937011718750000e+00 2.514648437500000000e-02
5.700891113281250000e+01 8.063964843750000000e+00 7.568359375000000000e-03
5.705664062500000000e+01 7.911621093750000000e+00 7.507324218750000000e-03
5.652227783203125000e+01 7.962951660156250000e+00 9.765625000000000000e-04
5.619769287109375000e+01 7.736755371093750000e+00 5.676269531250000000e-03
5.584356689453125000e+01 7.475219726562500000e+00 4.882812500000000000e-04
5.563110351562500000e+01 7.485473632812500000e+00 4.882812500000000000e-04
5.558422851562500000e+01 7.493164062500000000e+00 0.000000000000000000e+00
5.582513427734375000e+01 7.480651855468750000e+00 0.000000000000000000e+00
5.608575439453125000e+01 7.441101074218750000e+00 0.000000000000000000e+00
5.640075683593750000e+01 7.396789550781250000e+00 0.000000000000000000e+00
5.658978271484375000e+01 7.338684082031250000e+00 6.103515625000000000e-05
5.680932617187500000e+01 7.132019042968750000e+00 2.441406250000000000e-04
5.711889648437500000e+01 7.109069824218750000e+00 2.441406250000000000e-04
5.713708496093750000e+01 7.170654296875000000e+00 6.103515625000000000e-05
5.734942626953125000e+01 7.202392578125000000e+00 1.220703125000000000e-04
5.742315673828125000e+01 7.174194335937500000e+00 6.103515625000000000e-05
5.727935791015625000e+01 7.240661621093750000e+00 6.103515625000000000e-05
5.747558593750000000e+01 7.158691406250000000e+00 1.220703125000000000e-04
5.801245117187500000e+01 7.205871582031250000e+00 0.000000000000000000e+00
5.830578613281250000e+01 6.945373535156250000e+00 0.000000000000000000e+00
5.847015380859375000e+01 6.836608886718750000e+00 0.000000000000000000e+00
5.868518066406250000e+01 6.976135253906250000e+00 0.000000000000000000e+00
5.919775390625000000e+01 6.985412597656250000e+00 4.882812500000000000e-04
5.978497314453125000e+01 6.808654785156250000e+00 1.464843750000000000e-03
6.018408203125000000e+01 6.808837890625000000e+00 1.281738281250000000e-03
6.065057373046875000e+01 7.028625488281250000e+00 4.333496093750000000e-03
6.096893310546875000e+01 7.361694335937500000e+00 6.408691406250000000e-03
6.070727539062500000e+01 7.217102050781250000e+00 4.455566406250000000e-03
5.998382568359375000e+01 7.327575683593750000e+00 2.197265625000000000e-03
5.961639404296875000e+01 7.535522460937500000e+00 3.845214843750000000e-03
5.952423095703125000e+01 7.885742187500000000e+00 1.574707031250000000e-02
5.948010253906250000e+01 7.905578613281250000e+00 2.081298828125000000e-02
5.918743896484375000e+01 7.918212890625000000e+00 1.470947265625000000e-02
5.909863281250000000e+01 7.876159667968750000e+00 1.593017578125000000e-02
5.922796630859375000e+01 7.907104492187500000e+00 1.580810546875000000e-02
5.932110595703125000e+01 7.956726074218750000e+00 9.460449218750000000e-03
5.940893554687500000e+01 8.037170410156250000e+00 1.086425781250000000e-02
5.952868652343750000e+01 7.792419433593750000e+00 2.221679687500000000e-02
5.965704345703125000e+01 7.683593750000000000e+00 1.348876953125000000e-02
6.000488281250000000e+01 7.511047363281250000e+00 1.324462890625000000e-02
6.042297363281250000e+01 7.538574218750000000e+00 2.087402343750000000e-02
6.059344482421875000e+01 7.613891601562500000e+00 2.124023437500000000e-02
6.108673095703125000e+01 7.728149414062500000e+00 2.978515625000000000e-02
6.131127929687500000e+01 7.754882812500000000e+00 4.779052734375000000e-02
6.139196777343750000e+01 7.732666015625000000e+00 4.254150390625000000e-02
6.162329101562500000e+01 7.682739257812500000e+00 4.083251953125000000e-02
6.181909179687500000e+01 7.803466796875000000e+00 4.278564453125000000e-02
6.191979980468750000e+01 7.803527832031250000e+00 3.784179687500000000e-03
6.181121826171875000e+01 7.722412109375000000e+00 1.525878906250000000e-03
6.169549560546875000e+01 7.637878417968750000e+00 1.446533203125000000e-02
6.170416259765625000e+01 7.680969238281250000e+00 1.525878906250000000e-02
6.124633789062500000e+01 7.418457031250000000e+00 2.197265625000000000e-03
6.091503906250000000e+01 6.537719726562500000e+00 0.000000000000000000e+00
6.096411132812500000e+01 6.438537597656250000e+00 0.000000000000000000e+00
6.107971191406250000e+01 6.566223144531250000e+00 8.544921875000000000e-04
6.195727539062500000e+01 6.686950683593750000e+00 0.000000000000000000e+00
6.190075683593750000e+01 6.750854492187500000e+00 0.000000000000000000e+00
6.180364990234375000e+01 6.610351562500000000e+00 6.103515625000000000e-05
6.157275390625000000e+01 6.560302734375000000e+00 1.831054687500000000e-04
6.146166992187500000e+01 6.452941894531250000e+00 1.647949218750000000e-03
6.103338623046875000e+01 6.676757812500000000e+00 1.770019531250000000e-03
6.031066894531250000e+01 6.471557617187500000e+00 3.051757812500000000e-04
6.000671386718750000e+01 5.718933105468750000e+00 0.000000000000000000e+00
5.973596191406250000e+01 5.286865234375000000e+00 0.000000000000000000e+00
5.951788330078125000e+01 5.077392578125000000e+00 0.000000000000000000e+00
5.907470703125000000e+01 4.567016601562500000e+00 1.464843750000000000e-03
5.887701416015625000e+01 4.334533691406250000e+00 7.324218750000000000e-04
5.902087402343750000e+01 4.563842773437500000e+00 0.000000000000000000e+00
5.936004638671875000e+01 4.990966796875000000e+00 0.000000000000000000e+00
5.932031250000000000e+01 5.121398925781250000e+00 0.000000000000000000e+00
5.931665039062500000e+01 5.009094238281250000e+00 0.000000000000000000e+00
5.938604736328125000e+01 5.175476074218750000e+00 3.662109375000000000e-04
5.961285400390625000e+01 5.367309570312500000e+00 0.000000000000000000e+00
5.964819335937500000e+01 5.996032714843750000e+00 0.000000000000000000e+00
5.968469238281250000e+01 6.156616210937500000e+00 0.000000000000000000e+00
5.970697021484375000e+01 6.308471679687500000e+00 4.882812500000000000e-04
5.971264648437500000e+01 6.438842773437500000e+00 4.150390625000000000e-03
5.941308593750000000e+01 6.667724609375000000e+00 4.394531250000000000e-03
5.902764892578125000e+01 6.850158691406250000e+00 7.019042968750000000e-03
5.838806152343750000e+01 7.011779785156250000e+00 7.995605468750000000e-03
5.805224609375000000e+01 7.026184082031250000e+00 1.269531250000000000e-02
5.785528564453125000e+01 7.794128417968750000e+00 2.258300781250000000e-02
5.793084716796875000e+01 7.791503906250000000e+00 2.185058593750000000e-02
5.778698730468750000e+01 7.352355957031250000e+00 2.685546875000000000e-03
5.738586425781250000e+01 6.809448242187500000e+00 0.000000000000000000e+00
5.731066894531250000e+01 6.731811523437500000e+00 5.493164062500000000e-03
5.724072265625000000e+01 6.691223144531250000e+00 0.000000000000000000e+00
5.771203613281250000e+01 6.351989746093750000e+00 0.000000000000000000e+00
5.857507324218750000e+01 5.892883300781250000e+00 0.000000000000000000e+00
5.890411376953125000e+01 5.818298339843750000e+00 0.000000000000000000e+00
5.902343750000000000e+01 5.751708984375000000e+00 0.000000000000000000e+00
5.900506591796875000e+01 5.771789550781250000e+00 0.000000000000000000e+00
5.900524902343750000e+01 5.780090332031250000e+00 0.000000000000000000e+00
5.907525634765625000e+01 5.830688476562500000e+00 0.000000000000000000e+00
5.887902832031250000e+01 5.550537109375000000e+00 0.000000000000000000e+00
5.848089599609375000e+01 5.173767089843750000e+00 0.000000000000000000e+00
5.814331054687500000e+01 4.925354003906250000e+00 0.000000000000000000e+00
5.810308837890625000e+01 4.814025878906250000e+00 0.000000000000000000e+00
5.795172119140625000e+01 4.606872558593750000e+00 0.000000000000000000e+00
5.790185546875000000e+01 4.483276367187500000e+00 0.000000000000000000e+00
5.791613769531250000e+01 4.385620117187500000e+00 0.000000000000000000e+00
5.798516845703125000e+01 4.186645507812500000e+00 0.000000000000000000e+00
5.764550781250000000e+01 3.879699707031250000e+00 0.000000000000000000e+00
5.744464111328125000e+01 3.374755859375000000e+00 0.000000000000000000e+00
5.726971435546875000e+01 3.154296875000000000e+00 0.000000000000000000e+00
5.724560546875000000e+01 3.100280761718750000e+00 0.000000000000000000e+00
5.728216552734375000e+01 3.091613769531250000e+00 0.000000000000000000e+00
5.728808593750000000e+01 3.162963867187500000e+00 0.000000000000000000e+00
5.749749755859375000e+01 3.185974121093750000e+00 0.000000000000000000e+00
5.795410156250000000e+01 3.361816406250000000e+00 0.000000000000000000e+00
5.804589843750000000e+01 3.130004882812500000e+00 0.000000000000000000e+00
5.798211669921875000e+01 3.030090332031250000e+00 0.000000000000000000e+00
5.791290283203125000e+01 3.088317871093750000e+00 0.000000000000000000e+00
5.813049316406250000e+01 3.212158203125000000e+00 0.000000000000000000e+00
5.812969970703125000e+01 3.315002441406250000e+00 0.000000000000000000e+00
5.893096923828125000e+01 3.637573242187500000e+00 0.000000000000000000e+00
5.888903808593750000e+01 3.556945800781250000e+00 0.000000000000000000e+00
5.761645507812500000e+01 3.203369140625000000e+00 0.000000000000000000e+00
5.658941650390625000e+01 2.675048828125000000e+00 0.000000000000000000e+00
5.678985595703125000e+01 3.197082519531250000e+00 0.000000000000000000e+00
5.794494628906250000e+01 4.160766601562500000e+00 0.000000000000000000e+00
5.777734375000000000e+01 4.010009765625000000e+00 0.000000000000000000e+00
5.688952636718750000e+01 3.198303222656250000e+00 0.000000000000000000e+00
5.677386474609375000e+01 3.221191406250000000e+00 0.000000000000000000e+00
5.682843017578125000e+01 3.335998535156250000e+00 0.000000000000000000e+00
5.686926269531250000e+01 3.549438476562500000e+00 0.000000000000000000e+00
5.656958007812500000e+01 3.377441406250000000e+00 0.000000000000000000e+00
5.656048583984375000e+01 3.181091308593750000e+00 0.000000000000000000e+00
5.662036132812500000e+01 3.096069335937500000e+00 0.000000000000000000e+00
5.663067626953125000e+01 2.877929687500000000e+00 0.000000000000000000e+00
5.636285400390625000e+01 2.648742675781250000e+00 0.000000000000000000e+00
5.626000976562500000e+01 2.558898925781250000e+00 0.000000000000000000e+00
5.580114746093750000e+01 2.275207519531250000e+00 0.000000000000000000e+00
5.492633056640625000e+01 1.888244628906250000e+00 0.000000000000000000e+00
5.469433593750000000e+01 1.915527343750000000e+00 0.000000000000000000e+00
5.470220947265625000e+01 2.048645019531250000e+00 0.000000000000000000e+00
5.475280761718750000e+01 2.117370605468750000e+00 0.000000000000000000e+00
5.482550048828125000e+01 2.155578613281250000e+00 0.000000000000000000e+00
5.482476806640625000e+01 2.147033691406250000e+00 0.000000000000000000e+00
5.486163330078125000e+01 2.028991699218750000e+00 0.000000000000000000e+00
5.485809326171875000e+01 1.950744628906250000e+00 0.000000000000000000e+00
5.493090820312500000e+01 1.989746093750000000e+00 0.000000000000000000e+00
5.497827148437500000e+01 1.995422363281250000e+00 0.000000000000000000e+00
5.501940917968750000e+01 2.001098632812500000e+00 0.000000000000000000e+00
5.526391601562500000e+01 2.081298828125000000e+00 0.000000000000000000e+00
5.528491210937500000e+01 2.166442871093750000e+00 0.000000000000000000e+00
5.539331054687500000e+01 2.112976074218750000e+00 0.000000000000000000e+00
5.554089355468750000e+01 2.184326171875000000e+00 0.000000000000000000e+00
5.587683105468750000e+01 2.343627929687500000e+00 0.000000000000000000e+00
5.593872070312500000e+01 2.407531738281250000e+00 0.000000000000000000e+00
5.597113037109375000e+01 2.502441406250000000e+00 0.000000000000000000e+00
5.653741455078125000e+01 2.740295410156250000e+00 0.000000000000000000e+00
5.661602783203125000e+01 2.614685058593750000e+00 0.000000000000000000e+00
5.643591308593750000e+01 2.251037597656250000e+00 0.000000000000000000e+00
5.603704833984375000e+01 2.157409667968750000e+00 0.000000000000000000e+00
5.612121582031250000e+01 2.195251464843750000e+00 0.000000000000000000e+00
5.613903808593750000e+01 2.136474609375000000e+00 0.000000000000000000e+00
5.594738769531250000e+01 2.064392089843750000e+00 0.000000000000000000e+00
5.585974121093750000e+01 2.058898925781250000e+00 0.000000000000000000e+00
5.597698974609375000e+01 2.146118164062500000e+00 0.000000000000000000e+00
5.587921142578125000e+01 2.320129394531250000e+00 0.000000000000000000e+00
5.593627929687500000e+01 2.512634277343750000e+00 0.000000000000000000e+00
5.555853271484375000e+01 2.535461425781250000e+00 0.000000000000000000e+00
5.414764404296875000e+01 2.312927246093750000e+00 0.000000000000000000e+00
5.386059570312500000e+01 2.497436523437500000e+00 0.000000000000000000e+00
5.389324951171875000e+01 2.514465332031250000e+00 0.000000000000000000e+00
5.381933593750000000e+01 2.487731933593750000e+00 0.000000000000000000e+00
5.376391601562500000e+01 2.502685546875000000e+00 0.000000000000000000e+00
5.431274414062500000e+01 2.706420898437500000e+00 0.000000000000000000e+00
5.446545410156250000e+01 2.637878417968750000e+00 0.000000000000000000e+00
5.436291503906250000e+01 1.831115722656250000e+00 0.000000000000000000e+00
5.425775146484375000e+01 1.810424804687500000e+00 0.000000000000000000e+00
5.434649658203125000e+01 1.875427246093750000e+00 0.000000000000000000e+00
5.402111816406250000e+01 1.849426269531250000e+00 0.000000000000000000e+00
5.359045410156250000e+01 1.796447753906250000e+00 0.000000000000000000e+00
5.364953613281250000e+01 2.292358398437500000e+00 0.000000000000000000e+00
5.370446777343750000e+01 2.280639648437500000e+00 0.000000000000000000e+00
5.384417724609375000e+01 2.089355468750000000e+00 0.000000000000000000e+00
5.397064208984375000e+01 1.999389648437500000e+00 0.000000000000000000e+00
5.404443359375000000e+01 2.003662109375000000e+00 0.000000000000000000e+00
5.404034423828125000e+01 1.992492675781250000e+00 0.000000000000000000e+00
5.496630859375000000e+01 2.544616699218750000e+00 0.000000000000000000e+00
5.496014404296875000e+01 2.537719726562500000e+00 0.000000000000000000e+00
5.470971679687500000e+01 2.203613281250000000e+00 0.000000000000000000e+00
5.430560302734375000e+01 1.968566894531250000e+00 0.000000000000000000e+00
5.428881835937500000e+01 2.183410644531250000e+00 0.000000000000000000e+00
5.423266601562500000e+01 2.471435546875000000e+00 0.000000000000000000e+00
5.457794189453125000e+01 2.418457031250000000e+00 0.000000000000000000e+00
5.486407470703125000e+01 2.256347656250000000e+00 0.000000000000000000e+00
5.501428222656250000e+01 2.108276367187500000e+00 0.000000000000000000e+00
5.498596191406250000e+01 2.049865722656250000e+00 0.000000000000000000e+00
5.497717285156250000e+01 1.996582031250000000e+00 0.000000000000000000e+00
5.436682128906250000e+01 2.231323242187500000e+00 0.000000000000000000e+00
5.392730712890625000e+01 2.584899902343750000e+00 9.765625000000000000e-04
5.355584716796875000e+01 2.717773437500000000e+00 0.000000000000000000e+00
5.350317382812500000e+01 2.799499511718750000e+00 0.000000000000000000e+00
5.332690429687500000e+01 2.950012207031250000e+00 7.324218750000000000e-04
5.319335937500000000e+01 2.936157226562500000e+00 7.324218750000000000e-04
5.272735595703125000e+01 3.030517578125000000e+00 0.000000000000000000e+00
5.263616943359375000e+01 3.140930175781250000e+00 0.000000000000000000e+00
5.248522949218750000e+01 3.101928710937500000e+00 0.000000000000000000e+00
5.214483642578125000e+01 3.031555175781250000e+00 0.000000000000000000e+00
5.198260498046875000e+01 2.888732910156250000e+00 0.000000000000000000e+00
5.213629150390625000e+01 2.922363281250000000e+00 0.000000000000000000e+00
5.201403808593750000e+01 2.935241699218750000e+00 0.000000000000000000e+00
5.134851074218750000e+01 2.593505859375000000e+00 0.000000000000000000e+00
5.109436035156250000e+01 2.690063476562500000e+00 0.000000000000000000e+00
5.112060546875000000e+01 2.654968261718750000e+00 0.000000000000000000e+00
5.120330810546875000e+01 2.555419921875000000e+00 0.000000000000000000e+00
5.164703369140625000e+01 2.571105957031250000e+00 0.000000000000000000e+00
5.192102050781250000e+01 2.600036621093750000e+00 0.000000000000000000e+00
5.176184082031250000e+01 2.500549316406250000e+00 0.000000000000000000e+00
5.150854492187500000e+01 2.467712402343750000e+00 0.000000000000000000e+00
5.166735839843750000e+01 2.683898925781250000e+00 0.000000000000000000e+00
5.213934326171875000e+01 2.862304687500000000e+00 0.000000000000000000e+00
5.204345703125000000e+01 2.858398437500000000e+00 0.000000000000000000e+00
5.211590576171875000e+01 2.840576171875000000e+00 0.000000000000000000e+00
5.241210937500000000e+01 2.901794433593750000e+00 0.000000000000000000e+00
5.274438476562500000e+01 3.134338378906250000e+00 0.000000000000000000e+00
5.309906005859375000e+01 3.264526367187500000e+00 0.000000000000000000e+00
5.295214843750000000e+01 3.174194335937500000e+00 0.000000000000000000e+00
5.289355468750000000e+01 3.114624023437500000e+00 0.000000000000000000e+00
5.240020751953125000e+01 3.235839843750000000e+00 0.000000000000000000e+00
5.213421630859375000e+01 3.309082031250000000e+00 0.000000000000000000e+00
5.174182128906250000e+01 3.333312988281250000e+00 0.000000000000000000e+00
5.175640869140625000e+01 3.216491699218750000e+00 0.000000000000000000e+00
5.169384765625000000e+01 3.246582031250000000e+00 0.000000000000000000e+00
5.236260986328125000e+01 3.001342773437500000e+00 0.000000000000000000e+00
5.259875488281250000e+01 2.811035156250000000e+00 0.000000000000000000e+00
5.247900390625000000e+01 2.409301757812500000e+00 0.000000000000000000e+00
5.249554443359375000e+01 2.303771972656250000e+00 0.000000000000000000e+00
5.266021728515625000e+01 2.264892578125000000e+00 0.000000000000000000e+00
5.253045654296875000e+01 2.181762695312500000e+00 0.000000000000000000e+00
5.257257080078125000e+01 1.986206054687500000e+00 0.000000000000000000e+00
5.258239746093750000e+01 1.951782226562500000e+00 0.000000000000000000e+00
5.333203125000000000e+01 1.774597167968750000e+00 0.000000000000000000e+00
5.325317382812500000e+01 1.794799804687500000e+00 0.000000000000000000e+00
5.369323730468750000e+01 1.834838867187500000e+00 0.000000000000000000e+00
5.439904785156250000e+01 2.025939941406250000e+00 0.000000000000000000e+00
5.460791015625000000e+01 2.015441894531250000e+00 0.000000000000000000e+00
5.497833251953125000e+01 1.817077636718750000e+00 0.000000000000000000e+00
5.543304443359375000e+01 1.645385742187500000e+00 0.000000000000000000e+00
5.524560546875000000e+01 1.738830566406250000e+00 0.000000000000000000e+00
5.521331787109375000e+01 1.790771484375000000e+00 0.000000000000000000e+00
5.566369628906250000e+01 2.082092285156250000e+00 0.000000000000000000e+00
5.625537109375000000e+01 2.512512207031250000e+00 0.000000000000000000e+00
5.635876464843750000e+01 2.531494140625000000e+00 0.000000000000000000e+00
5.617315673828125000e+01 2.482849121093750000e+00 0.000000000000000000e+00
5.579095458984375000e+01 2.643981933593750000e+00 0.000000000000000000e+00
5.564703369140625000e+01 2.872924804687500000e+00 0.000000000000000000e+00
5.546691894531250000e+01 2.998718261718750000e+00 0.000000000000000000e+00
5.518676757812500000e+01 2.906555175781250000e+00 0.000000000000000000e+00
5.481433105468750000e+01 2.874023437500000000e+00 0.000000000000000000e+00
5.474420166015625000e+01 2.852966308593750000e+00 0.000000000000000000e+00
5.476928710937500000e+01 2.913208007812500000e+00 0.000000000000000000e+00
5.483319091796875000e+01 2.957031250000000000e+00 0.000000000000000000e+00
5.457238769531250000e+01 2.814208984375000000e+00 0.000000000000000000e+00
5.431665039062500000e+01 2.764404296875000000e+00 0.000000000000000000e+00
5.450982666015625000e+01 2.903564453125000000e+00 0.000000000000000000e+00
5.462152099609375000e+01 3.031677246093750000e+00 0.000000000000000000e+00
5.444543457031250000e+01 2.889099121093750000e+00 0.000000000000000000e+00
5.418353271484375000e+01 2.595642089843750000e+00 0.000000000000000000e+00
5.434613037109375000e+01 2.434020996093750000e+00 0.000000000000000000e+00
5.451013183593750000e+01 2.403686523437500000e+00 0.000000000000000000e+00
5.499401855468750000e+01 2.435546875000000000e+00 0.000000000000000000e+00
5.499859619140625000e+01 2.342956542968750000e+00 0.000000000000000000e+00
5.448718261718750000e+01 2.249572753906250000e+00 0.000000000000000000e+00
5.446337890625000000e+01 2.591491699218750000e+00 0.000000000000000000e+00
5.554241943359375000e+01 2.984863281250000000e+00 0.000000000000000000e+00
5.523199462890625000e+01 2.808410644531250000e+00 0.000000000000000000e+00
5.473999023437500000e+01 2.707885742187500000e+00 0.000000000000000000e+00
5.427404785156250000e+01 2.749572753906250000e+00 0.000000000000000000e+00
5.442584228515625000e+01 2.656250000000000000e+00 0.000000000000000000e+00
5.477270507812500000e+01 2.714050292968750000e+00 0.000000000000000000e+00
5.530578613281250000e+01 3.158081054687500000e+00 0.000000000000000000e+00
5.523333740234375000e+01 3.199829101562500000e+00 0.000000000000000000e+00
5.516339111328125000e+01 3.050048828125000000e+00 0.000000000000000000e+00
5.518090820312500000e+01 3.208923339843750000e+00 0.000000000000000000e+00
5.566424560546875000e+01 3.884216308593750000e+00 0.000000000000000000e+00
5.541656494140625000e+01 3.839538574218750000e+00 0.000000000000000000e+00
5.518591308593750000e+01 3.596618652343750000e+00 0.000000000000000000e+00
5.507208251953125000e+01 3.707031250000000000e+00 0.000000000000000000e+00
5.554772949218750000e+01 4.107727050781250000e+00 0.000000000000000000e+00
5.546087646484375000e+01 4.412963867187500000e+00 0.000000000000000000e+00
5.573675537109375000e+01 4.648681640625000000e+00 0.000000000000000000e+00
5.575292968750000000e+01 4.782226562500000000e+00 0.000000000000000000e+00
5.594531250000000000e+01 5.190551757812500000e+00 0.000000000000000000e+00
5.459490966796875000e+01 5.899475097656250000e+00 0.000000000000000000e+00
5.384442138671875000e+01 6.096557617187500000e+00 3.051757812500000000e-04
5.353942871093750000e+01 6.225097656250000000e+00 3.051757812500000000e-04
5.336187744140625000e+01 6.263305664062500000e+00 1.708984375000000000e-03
5.334448242187500000e+01 6.293273925781250000e+00 8.544921875000000000e-04
5.351678466796875000e+01 6.443359375000000000e+00 8.544921875000000000e-04
5.348217773437500000e+01 6.411621093750000000e+00 8.544921875000000000e-04
5.359942626953125000e+01 6.508483886718750000e+00 1.586914062500000000e-03
5.453674316406250000e+01 7.427856445312500000e+00 0.000000000000000000e+00
5.477362060546875000e+01 7.769592285156250000e+00 0.000000000000000000e+00
5.438000488281250000e+01 7.995727539062500000e+00 0.000000000000000000e+00
5.368090820312500000e+01 8.306823730468750000e+00 0.000000000000000000e+00
5.346228027343750000e+01 8.448730468750000000e+00 0.000000000000000000e+00
5.329779052734375000e+01 8.426635742187500000e+00 4.272460937500000000e-04
5.380487060546875000e+01 8.780578613281250000e+00 6.103515625000000000e-05
5.513232421875000000e+01 8.944213867187500000e+00 0.000000000000000000e+00
5.486920166015625000e+01 8.496643066406250000e+00 0.000000000000000000e+00
5.412005615234375000e+01 7.824218750000000000e+00 0.000000000000000000e+00
5.417010498046875000e+01 7.809753417968750000e+00 0.000000000000000000e+00
5.573455810546875000e+01 8.655456542968750000e+00 0.000000000000000000e+00
5.552233886718750000e+01 8.394409179687500000e+00 0.000000000000000000e+00
5.423077392578125000e+01 7.613891601562500000e+00 0.000000000000000000e+00
5.400805664062500000e+01 7.546325683593750000e+00 0.000000000000000000e+00
5.417791748046875000e+01 7.604492187500000000e+00 0.000000000000000000e+00
5.448626708984375000e+01 7.545837402343750000e+00 0.000000000000000000e+00
5.488647460937500000e+01 7.279846191406250000e+00 0.000000000000000000e+00
5.519494628906250000e+01 7.134826660156250000e+00 0.000000000000000000e+00
5.530505371093750000e+01 7.153381347656250000e+00 0.000000000000000000e+00
5.532824707031250000e+01 7.022583007812500000e+00 0.000000000000000000e+00
5.548992919921875000e+01 7.038269042968750000e+00 0.000000000000000000e+00
5.531689453125000000e+01 7.136596679687500000e+00 0.000000000000000000e+00
5.493359375000000000e+01 7.149963378906250000e+00 0.000000000000000000e+00
5.471997070312500000e+01 7.078125000000000000e+00 0.000000000000000000e+00
5.468750000000000000e+01 7.129760742187500000e+00 0.000000000000000000e+00
5.468066406250000000e+01 7.069091796875000000e+00 0.000000000000000000e+00
5.576727294921875000e+01 6.970825195312500000e+00 0.000000000000000000e+00
5.628332519531250000e+01 6.992919921875000000e+00 0.000000000000000000e+00
5.649456787109375000e+01 6.834899902343750000e+00 0.000000000000000000e+00
5.651898193359375000e+01 6.629089355468750000e+00 0.000000000000000000e+00
5.679669189453125000e+01 6.603698730468750000e+00 0.000000000000000000e+00
5.632574462890625000e+01 6.835937500000000000e+00 0.000000000000000000e+00
5.566149902343750000e+01 7.163391113281250000e+00 0.000000000000000000e+00
5.523913574218750000e+01 7.380371093750000000e+00 0.000000000000000000e+00
5.530987548828125000e+01 7.658630371093750000e+00 0.000000000000000000e+00
5.547418212890625000e+01 8.001525878906250000e+00 0.000000000000000000e+00
5.558978271484375000e+01 8.073242187500000000e+00 0.000000000000000000e+00
5.568402099609375000e+01 8.026000976562500000e+00 0.000000000000000000e+00
5.570471191406250000e+01 8.055847167968750000e+00 1.220703125000000000e-03
5.550128173828125000e+01 8.117065429687500000e+00 1.123046875000000000e-02
5.543475341796875000e+01 8.259338378906250000e+00 4.638671875000000000e-03
5.513732910156250000e+01 8.356262207031250000e+00 4.150390625000000000e-03
5.492443847656250000e+01 8.435607910156250000e+00 2.502441406250000000e-03
5.475177001953125000e+01 8.358032226562500000e+00 2.136230468750000000e-03
5.447766113281250000e+01 8.397949218750000000e+00 1.037597656250000000e-03
5.440026855468750000e+01 8.233398437500000000e+00 4.516601562500000000e-03
5.440277099609375000e+01 8.225524902343750000e+00 1.281738281250000000e-03
5.450231933593750000e+01 8.120056152343750000e+00 1.647949218750000000e-03
5.467993164062500000e+01 8.408081054687500000e+00 7.507324218750000000e-03
5.480889892578125000e+01 8.629638671875000000e+00 1.623535156250000000e-02
5.488897705078125000e+01 8.825317382812500000e+00 5.615234375000000000e-03
5.466119384765625000e+01 8.898437500000000000e+00 1.867675781250000000e-02
5.434411621093750000e+01 9.102722167968750000e+00 1.403808593750000000e-03
5.435430908203125000e+01 9.108825683593750000e+00 4.211425781250000000e-03
5.430401611328125000e+01 9.266906738281250000e+00 2.075195312500000000e-03
5.427343750000000000e+01 9.102355957031250000e+00 1.831054687500000000e-03
5.436071777343750000e+01 9.027587890625000000e+00 9.826660156250000000e-03
5.449359130859375000e+01 8.984985351562500000e+00 1.062011718750000000e-02
5.464605712890625000e+01 9.102905273437500000e+00 2.130126953125000000e-02
5.509472656250000000e+01 9.133666992187500000e+00 2.929687500000000000e-03
5.513842773437500000e+01 9.004821777343750000e+00 9.765625000000000000e-04
5.444964599609375000e+01 9.072937011718750000e+00 7.934570312500000000e-04
5.416314697265625000e+01 9.083251953125000000e+00 1.202392578125000000e-02
5.398620605468750000e+01 9.076171875000000000e+00 3.051757812500000000e-04
5.386553955078125000e+01 9.018920898437500000e+00 9.948730468750000000e-03
5.363769531250000000e+01 9.070861816406250000e+00 1.159667968750000000e-02
5.346008300781250000e+01 8.915405273437500000e+00 3.228759765625000000e-02
5.363580322265625000e+01 8.966308593750000000e+00 1.031494140625000000e-02
5.394598388671875000e+01 9.203063964843750000e+00 1.055908203125000000e-02
5.392340087890625000e+01 9.147460937500000000e+00 9.887695312500000000e-03
5.378637695312500000e+01 8.918823242187500000e+00 3.906250000000000000e-03
5.368872070312500000e+01 8.841003417968750000e+00 1.159667968750000000e-03
5.383343505859375000e+01 9.004089355468750000e+00 2.807617187500000000e-03
5.375842285156250000e+01 8.984924316406250000e+00 3.417968750000000000e-03
5.357232666015625000e+01 8.738098144531250000e+00 3.363037109375000000e-02
5.337890625000000000e+01 8.654418945312500000e+00 1.196289062500000000e-02
5.366308593750000000e+01 8.560485839843750000e+00 1.489257812500000000e-02
5.412463378906250000e+01 8.384216308593750000e+00 1.721191406250000000e-02
5.440838623046875000e+01 8.215759277343750000e+00 3.906250000000000000e-03
5.451373291015625000e+01 8.153320312500000000e+00 3.967285156250000000e-03
5.448956298828125000e+01 8.107727050781250000e+00 4.394531250000000000e-03
5.463623046875000000e+01 8.078430175781250000e+00 4.760742187500000000e-03
5.492437744140625000e+01 8.456298828125000000e+00 7.385253906250000000e-03
5.480902099609375000e+01 8.490905761718750000e+00 1.153564453125000000e-02
5.443438720703125000e+01 8.518188476562500000e+00 3.063964843750000000e-02
5.404034423828125000e+01 8.483825683593750000e+00 2.770996093750000000e-02
5.383605957031250000e+01 8.614135742187500000e+00 3.417968750000000000e-03
5.358288574218750000e+01 8.830932617187500000e+00 2.197265625000000000e-03
5.348748779296875000e+01 8.975952148437500000e+00 2.197265625000000000e-03
5.304345703125000000e+01 9.075378417968750000e+00 2.990722656250000000e-03
5.278173828125000000e+01 8.740173339843750000e+00 0.000000000000000000e+00
5.245520019531250000e+01 8.654052734375000000e+00 0.000000000000000000e+00
5.205487060546875000e+01 8.950134277343750000e+00 0.000000000000000000e+00
5.173339843750000000e+01 9.078369140625000000e+00 3.173828125000000000e-03
5.176641845703125000e+01 9.205627441406250000e+00 8.239746093750000000e-03
5.173315429687500000e+01 9.184509277343750000e+00 8.666992187500000000e-03
5.191162109375000000e+01 9.175903320312500000e+00 9.338378906250000000e-03
5.209606933593750000e+01 9.062377929687500000e+00 1.525878906250000000e-03
5.213873291015625000e+01 9.110351562500000000e+00 1.464843750000000000e-03
5.218853759765625000e+01 9.053649902343750000e+00 1.342773437500000000e-03
5.208190917968750000e+01 8.905090332031250000e+00 2.441406250000000000e-04
5.154693603515625000e+01 8.616516113281250000e+00 1.220703125000000000e-03
5.124249267578125000e+01 8.529052734375000000e+00 2.746582031250000000e-03
5.104833984375000000e+01 8.507446289062500000e+00 2.319335937500000000e-03
5.076013183593750000e+01 8.467102050781250000e+00 1.831054687500000000e-03
5.059289550781250000e+01 8.482727050781250000e+00 1.892089843750000000e-03
5.124633789062500000e+01 8.320739746093750000e+00 1.831054687500000000e-03
5.181909179687500000e+01 8.090148925781250000e+00 0.000000000000000000e+00
5.221960449218750000e+01 7.932434082031250000e+00 6.103515625000000000e-05
5.245831298828125000e+01 7.827209472656250000e+00 5.493164062500000000e-04
5.247680664062500000e+01 7.869018554687500000e+00 5.493164062500000000e-04
5.256665039062500000e+01 7.754333496093750000e+00 4.882812500000000000e-04
5.293237304687500000e+01 7.714355468750000000e+00 0.000000000000000000e+00
5.313623046875000000e+01 7.859558105468750000e+00 0.000000000000000000e+00
5.339984130859375000e+01 7.858703613281250000e+00 6.103515625000000000e-04
5.329364013671875000e+01 7.845703125000000000e+00 0.000000000000000000e+00
5.294781494140625000e+01 7.970397949218750000e+00 0.000000000000000000e+00
5.267291259765625000e+01 8.096740722656250000e+00 6.713867187500000000e-04
5.265087890625000000e+01 8.118408203125000000e+00 9.765625000000000000e-04
5.229156494140625000e+01 8.251647949218750000e+00 0.000000000000000000e+00
5.208825683593750000e+01 8.174255371093750000e+00 0.000000000000000000e+00
5.247442626953125000e+01 8.113830566406250000e+00 0.000000000000000000e+00
5.282788085937500000e+01 8.065979003906250000e+00 0.000000000000000000e+00
5.325744628906250000e+01 7.933288574218750000e+00 0.000000000000000000e+00
5.332202148437500000e+01 7.976501464843750000e+00 4.882812500000000000e-04
5.364306640625000000e+01 7.927673339843750000e+00 1.098632812500000000e-03
5.412860107421875000e+01 8.160339355468750000e+00 0.000000000000000000e+00
5.419439697265625000e+01 8.106567382812500000e+00 0.000000000000000000e+00
5.441516113281250000e+01 8.150573730468750000e+00 0.000000000000000000e+00
5.459375000000000000e+01 8.244934082031250000e+00 0.000000000000000000e+00
5.517724609375000000e+01 8.461242675781250000e+00 0.000000000000000000e+00
5.505596923828125000e+01 8.528076171875000000e+00 0.000000000000000000e+00
5.483776855468750000e+01 8.523254394531250000e+00 6.103515625000000000e-05
5.462219238281250000e+01 8.539611816406250000e+00 1.220703125000000000e-04
5.428399658203125000e+01 8.782775878906250000e+00 1.831054687500000000e-04
5.407226562500000000e+01 9.057617187500000000e+00 2.014160156250000000e-03
5.459844970703125000e+01 8.969238281250000000e+00 2.014160156250000000e-03
5.500207519531250000e+01 9.006652832031250000e+00 2.929687500000000000e-03
5.530328369140625000e+01 8.974670410156250000e+00 1.586914062500000000e-03
5.539678955078125000e+01 8.869445800781250000e+00 2.990722656250000000e-03
5.537145996093750000e+01 8.946044921875000000e+00 3.906250000000000000e-03
5.498022460937500000e+01 9.193847656250000000e+00 4.028320312500000000e-03
5.479156494140625000e+01 9.243896484375000000e+00 2.813720703125000000e-02
5.464916992187500000e+01 9.414489746093750000e+00 1.025390625000000000e-02
5.437445068359375000e+01 9.510925292968750000e+00 1.147460937500000000e-02
5.422241210937500000e+01 9.571838378906250000e+00 1.678466796875000000e-02
5.414147949218750000e+01 9.592895507812500000e+00 4.010009765625000000e-02
5.397985839843750000e+01 9.758666992187500000e+00 3.698730468750000000e-02
5.425842285156250000e+01 9.931213378906250000e+00 4.565429687500000000e-02
5.424664306640625000e+01 9.987060546875000000e+00 4.455566406250000000e-02
5.416760253906250000e+01 9.967102050781250000e+00 3.204345703125000000e-02
5.340185546875000000e+01 1.031164550781250000e+01 4.046630859375000000e-02
5.308343505859375000e+01 1.037176513671875000e+01 6.750488281250000000e-02
5.294238281250000000e+01 1.049395751953125000e+01 2.978515625000000000e-02
5.266638183593750000e+01 1.052728271484375000e+01 3.417968750000000000e-02
5.263885498046875000e+01 1.040527343750000000e+01 6.945800781250000000e-02
5.272479248046875000e+01 1.025909423828125000e+01 6.604003906250000000e-02
5.267706298828125000e+01 1.029302978515625000e+01 5.145263671875000000e-02
5.270440673828125000e+01 1.023681640625000000e+01 7.513427734375000000e-02
5.259039306640625000e+01 1.013220214843750000e+01 6.341552734375000000e-02
5.265032958984375000e+01 1.014562988281250000e+01 5.792236328125000000e-02
5.263879394531250000e+01 1.003082275390625000e+01 3.887939453125000000e-02
5.279785156250000000e+01 9.907348632812500000e+00 4.193115234375000000e-02
5.278363037109375000e+01 1.001000976562500000e+01 2.026367187500000000e-02
5.286175537109375000e+01 1.002636718750000000e+01 1.959228515625000000e-02
5.294464111328125000e+01 9.954406738281250000e+00 1.580810546875000000e-02
5.307720947265625000e+01 9.834228515625000000e+00 1.684570312500000000e-02
5.321386718750000000e+01 1.019757080078125000e+01 3.259277343750000000e-02
5.346362304687500000e+01 1.041992187500000000e+01 6.231689453125000000e-02
5.350042724609375000e+01 1.036132812500000000e+01 5.877685546875000000e-02
5.341839599609375000e+01 1.033911132812500000e+01 3.399658203125000000e-02
5.289178466796875000e+01 1.051422119140625000e+01 3.710937500000000000e-02
5.229962158203125000e+01 1.055572509765625000e+01 3.918457031250000000e-02
5.188031005859375000e+01 1.058038330078125000e+01 1.070556640625000000e-01
5.168505859375000000e+01 1.074761962890625000e+01 7.788085937500000000e-02
5.163439941406250000e+01 1.060302734375000000e+01 8.306884765625000000e-02
5.205883789062500000e+01 1.033941650390625000e+01 5.413818359375000000e-02
